1,2,2,1,9.1247676508e+07
1,2,8,1,9.1247676508e+07
1,2,9,1,9.1247676508e+07
1,2,57,1,9.1247676508e+07
2,2,1,1,9.1247676508e+07
2,2,3,1,9.1247676508e+07
2,2,10,1,9.1247676508e+07
2,2,58,1,9.1247676508e+07
3,2,2,1,9.1247676508e+07
3,2,4,1,9.1247676508e+07
3,2,11,1,9.1247676508e+07
3,2,59,1,9.1247676508e+07
4,2,3,1,9.1247676508e+07
4,2,5,1,9.1247676508e+07
4,2,12,1,9.1247676508e+07
4,2,60,1,9.1247676508e+07
5,2,4,1,9.1247676508e+07
5,2,6,1,9.1247676508e+07
5,2,13,1,9.1247676508e+07
5,2,61,1,9.1247676508e+07
6,2,5,1,9.1247676508e+07
6,2,7,1,9.1247676508e+07
6,2,14,1,9.1247676508e+07
6,2,62,1,9.1247676508e+07
7,2,6,1,9.1247676508e+07
7,2,8,1,9.1247676508e+07
7,2,15,1,9.1247676508e+07
7,2,63,1,9.1247676508e+07
8,2,1,1,9.1247676508e+07
8,2,7,1,9.1247676508e+07
8,2,16,1,9.1247676508e+07
8,2,64,1,9.1247676508e+07
9,2,1,1,9.1247676508e+07
9,2,10,1,9.1247676508e+07
9,2,16,1,9.1247676508e+07
9,2,17,1,9.1247676508e+07
10,2,2,1,9.1247676508e+07
10,2,9,1,9.1247676508e+07
10,2,11,1,9.1247676508e+07
10,2,18,1,9.1247676508e+07
11,2,3,1,9.1247676508e+07
11,2,10,1,9.1247676508e+07
11,2,12,1,9.1247676508e+07
11,2,19,1,9.1247676508e+07
12,2,4,1,9.1247676508e+07
12,2,11,1,9.1247676508e+07
12,2,13,1,9.1247676508e+07
12,2,20,1,9.1247676508e+07
13,2,5,1,9.1247676508e+07
13,2,12,1,9.1247676508e+07
13,2,14,1,9.1247676508e+07
13,2,21,1,9.1247676508e+07
14,2,6,1,9.1247676508e+07
14,2,13,1,9.1247676508e+07
14,2,15,1,9.1247676508e+07
14,2,22,1,9.1247676508e+07
15,2,7,1,9.1247676508e+07
15,2,14,1,9.1247676508e+07
15,2,16,1,9.1247676508e+07
15,2,23,1,9.1247676508e+07
16,2,8,1,9.1247676508e+07
16,2,9,1,9.1247676508e+07
16,2,15,1,9.1247676508e+07
16,2,24,1,9.1247676508e+07
17,2,9,1,9.1247676508e+07
17,2,18,1,9.1247676508e+07
17,2,24,1,9.1247676508e+07
17,2,25,1,9.1247676508e+07
18,2,10,1,9.1247676508e+07
18,2,17,1,9.1247676508e+07
18,2,19,1,9.1247676508e+07
18,2,26,1,9.1247676508e+07
19,2,11,1,9.1247676508e+07
19,2,18,1,9.1247676508e+07
19,2,20,1,9.1247676508e+07
19,2,27,1,9.1247676508e+07
20,2,12,1,9.1247676508e+07
20,2,19,1,9.1247676508e+07
20,2,21,1,9.1247676508e+07
20,2,28,1,9.1247676508e+07
21,2,13,1,9.1247676508e+07
21,2,20,1,9.1247676508e+07
21,2,22,1,9.1247676508e+07
21,2,29,1,9.1247676508e+07
22,2,14,1,9.1247676508e+07
22,2,21,1,9.1247676508e+07
22,2,23,1,9.1247676508e+07
22,2,30,1,9.1247676508e+07
23,2,15,1,9.1247676508e+07
23,2,22,1,9.1247676508e+07
23,2,24,1,9.1247676508e+07
23,2,31,1,9.1247676508e+07
24,2,16,1,9.1247676508e+07
24,2,17,1,9.1247676508e+07
24,2,23,1,9.1247676508e+07
24,2,32,1,9.1247676508e+07
25,2,17,1,9.1247676508e+07
25,2,26,1,9.1247676508e+07
25,2,32,1,9.1247676508e+07
25,2,33,1,9.1247676508e+07
26,2,18,1,9.1247676508e+07
26,2,25,1,9.1247676508e+07
26,2,27,1,9.1247676508e+07
26,2,34,1,9.1247676508e+07
27,2,19,1,9.1247676508e+07
27,2,26,1,9.1247676508e+07
27,2,28,1,9.1247676508e+07
27,2,35,1,9.1247676508e+07
28,2,20,1,9.1247676508e+07
28,2,27,1,9.1247676508e+07
28,2,29,1,9.1247676508e+07
28,2,36,1,9.1247676508e+07
29,2,21,1,9.1247676508e+07
29,2,28,1,9.1247676508e+07
29,2,30,1,9.1247676508e+07
29,2,37,1,9.1247676508e+07
30,2,22,1,9.1247676508e+07
30,2,29,1,9.1247676508e+07
30,2,31,1,9.1247676508e+07
30,2,38,1,9.1247676508e+07
31,2,23,1,9.1247676508e+07
31,2,30,1,9.1247676508e+07
31,2,32,1,9.1247676508e+07
31,2,39,1,9.1247676508e+07
32,2,24,1,9.1247676508e+07
32,2,25,1,9.1247676508e+07
32,2,31,1,9.1247676508e+07
32,2,40,1,9.1247676508e+07
33,2,25,1,9.1247676508e+07
33,2,34,1,9.1247676508e+07
33,2,40,1,9.1247676508e+07
33,2,41,1,9.1247676508e+07
34,2,26,1,9.1247676508e+07
34,2,33,1,9.1247676508e+07
34,2,35,1,9.1247676508e+07
34,2,42,1,9.1247676508e+07
35,2,27,1,9.1247676508e+07
35,2,34,1,9.1247676508e+07
35,2,36,1,9.1247676508e+07
35,2,43,1,9.1247676508e+07
36,2,28,1,9.1247676508e+07
36,2,35,1,9.1247676508e+07
36,2,37,1,9.1247676508e+07
36,2,44,1,9.1247676508e+07
37,2,29,1,9.1247676508e+07
37,2,36,1,9.1247676508e+07
37,2,38,1,9.1247676508e+07
37,2,45,1,9.1247676508e+07
38,2,30,1,9.1247676508e+07
38,2,37,1,9.1247676508e+07
38,2,39,1,9.1247676508e+07
38,2,46,1,9.1247676508e+07
39,2,31,1,9.1247676508e+07
39,2,38,1,9.1247676508e+07
39,2,40,1,9.1247676508e+07
39,2,47,1,9.1247676508e+07
40,2,32,1,9.1247676508e+07
40,2,33,1,9.1247676508e+07
40,2,39,1,9.1247676508e+07
40,2,48,1,9.1247676508e+07
41,2,33,1,9.1247676508e+07
41,2,42,1,9.1247676508e+07
41,2,48,1,9.1247676508e+07
41,2,49,1,9.1247676508e+07
42,2,34,1,9.1247676508e+07
42,2,41,1,9.1247676508e+07
42,2,43,1,9.1247676508e+07
42,2,50,1,9.1247676508e+07
43,2,35,1,9.1247676508e+07
43,2,42,1,9.1247676508e+07
43,2,44,1,9.1247676508e+07
43,2,51,1,9.1247676508e+07
44,2,36,1,9.1247676508e+07
44,2,43,1,9.1247676508e+07
44,2,45,1,9.1247676508e+07
44,2,52,1,9.1247676508e+07
45,2,37,1,9.1247676508e+07
45,2,44,1,9.1247676508e+07
45,2,46,1,9.1247676508e+07
45,2,53,1,9.1247676508e+07
46,2,38,1,9.1247676508e+07
46,2,45,1,9.1247676508e+07
46,2,47,1,9.1247676508e+07
46,2,54,1,9.1247676508e+07
47,2,39,1,9.1247676508e+07
47,2,46,1,9.1247676508e+07
47,2,48,1,9.1247676508e+07
47,2,55,1,9.1247676508e+07
48,2,40,1,9.1247676508e+07
48,2,41,1,9.1247676508e+07
48,2,47,1,9.1247676508e+07
48,2,56,1,9.1247676508e+07
49,2,41,1,9.1247676508e+07
49,2,50,1,9.1247676508e+07
49,2,56,1,9.1247676508e+07
49,2,57,1,9.1247676508e+07
50,2,42,1,9.1247676508e+07
50,2,49,1,9.1247676508e+07
50,2,51,1,9.1247676508e+07
50,2,58,1,9.1247676508e+07
51,2,43,1,9.1247676508e+07
51,2,50,1,9.1247676508e+07
51,2,52,1,9.1247676508e+07
51,2,59,1,9.1247676508e+07
52,2,44,1,9.1247676508e+07
52,2,51,1,9.1247676508e+07
52,2,53,1,9.1247676508e+07
52,2,60,1,9.1247676508e+07
53,2,45,1,9.1247676508e+07
53,2,52,1,9.1247676508e+07
53,2,54,1,9.1247676508e+07
53,2,61,1,9.1247676508e+07
54,2,46,1,9.1247676508e+07
54,2,53,1,9.1247676508e+07
54,2,55,1,9.1247676508e+07
54,2,62,1,9.1247676508e+07
55,2,47,1,9.1247676508e+07
55,2,54,1,9.1247676508e+07
55,2,56,1,9.1247676508e+07
55,2,63,1,9.1247676508e+07
56,2,48,1,9.1247676508e+07
56,2,49,1,9.1247676508e+07
56,2,55,1,9.1247676508e+07
56,2,64,1,9.1247676508e+07
57,2,1,1,9.1247676508e+07
57,2,49,1,9.1247676508e+07
57,2,58,1,9.1247676508e+07
57,2,64,1,9.1247676508e+07
58,2,2,1,9.1247676508e+07
58,2,50,1,9.1247676508e+07
58,2,57,1,9.1247676508e+07
58,2,59,1,9.1247676508e+07
59,2,3,1,9.1247676508e+07
59,2,51,1,9.1247676508e+07
59,2,58,1,9.1247676508e+07
59,2,60,1,9.1247676508e+07
60,2,4,1,9.1247676508e+07
60,2,52,1,9.1247676508e+07
60,2,59,1,9.1247676508e+07
60,2,61,1,9.1247676508e+07
61,2,5,1,9.1247676508e+07
61,2,53,1,9.1247676508e+07
61,2,60,1,9.1247676508e+07
61,2,62,1,9.1247676508e+07
62,2,6,1,9.1247676508e+07
62,2,54,1,9.1247676508e+07
62,2,61,1,9.1247676508e+07
62,2,63,1,9.1247676508e+07
63,2,7,1,9.1247676508e+07
63,2,55,1,9.1247676508e+07
63,2,62,1,9.1247676508e+07
63,2,64,1,9.1247676508e+07
64,2,8,1,9.1247676508e+07
64,2,56,1,9.1247676508e+07
64,2,57,1,9.1247676508e+07
64,2,63,1,9.1247676508e+07
