INPUTファイルを読み込み
	1粒子あたり平均何回イベントを起こすか MCSP =100
	平均をとる粒子の個数 AVERAGE = 216
	KMCのステップ数(何回行うか) NSTEPS =1
	KMCのループ数(1回のKMCで何回イベントを起こすか) NLOOPS =21600
	拡散種をいくつ配置するか NDIFFS = 216
	電場の強さ EFIELD = 6.893867e-03 [V/Å] 
	電場の強さ EFIELD = 6.893867e+05 [V/cm] 
	温度 TEMP = 600
	ジャンプ頻度補正係数 correct_constant = 0.1
	電場方向 1 (+x=1, +y=2, +z=3, -x=-1, -y=-2, -z=-3)

JMPDATA read
	jump_total_number = 34992

Directは8行目にあります
POSCAR read
	site_total_number = 8748

lattice_matrix = 
	38.1259       0       0
	      0 38.1259       0
	      0       0 38.1259

blocking_list.csv read

1458,1595,1620,2355,
1459,1593,1621,2356,
1460,1594,1622,2357,
1461,1598,1623,2349,
1462,1596,1624,2350,
1463,1597,1625,2351,
1464,1601,1626,2352,
1465,1599,1627,2353,
1466,1600,1628,2354,
1467,1604,1629,2364,
1468,1602,1630,2365,
1469,1603,1631,2366,
1470,1607,1632,2358,
1471,1605,1633,2359,
1472,1606,1634,2360,
1473,1610,1635,2361,
1474,1608,1636,2362,
1475,1609,1637,2363,
1476,1613,1638,2373,
1477,1611,1639,2374,
1478,1612,1640,2375,
1479,1616,1641,2367,
1480,1614,1642,2368,
1481,1615,1643,2369,
1482,1619,1644,2370,
1483,1617,1645,2371,
1484,1618,1646,2372,
1485,1512,1647,2382,
1486,1513,1648,2383,
1487,1514,1649,2384,
1488,1515,1650,2376,
1489,1516,1651,2377,
1490,1517,1652,2378,
1491,1518,1653,2379,
1492,1519,1654,2380,
1493,1520,1655,2381,
1494,1521,1656,2391,
1495,1522,1657,2392,
1496,1523,1658,2393,
1497,1524,1659,2385,
1498,1525,1660,2386,
1499,1526,1661,2387,
1500,1527,1662,2388,
1501,1528,1663,2389,
1502,1529,1664,2390,
1503,1530,1665,2400,
1504,1531,1666,2401,
1505,1532,1667,2402,
1506,1533,1668,2394,
1507,1534,1669,2395,
1508,1535,1670,2396,
1509,1536,1671,2397,
1510,1537,1672,2398,
1511,1538,1673,2399,
1539,1566,1674,2409,
1540,1567,1675,2410,
1541,1568,1676,2411,
1542,1569,1677,2403,
1543,1570,1678,2404,
1544,1571,1679,2405,
1545,1572,1680,2406,
1546,1573,1681,2407,
1547,1574,1682,2408,
1548,1575,1683,2418,
1549,1576,1684,2419,
1550,1577,1685,2420,
1551,1578,1686,2412,
1552,1579,1687,2413,
1553,1580,1688,2414,
1554,1581,1689,2415,
1555,1582,1690,2416,
1556,1583,1691,2417,
1557,1584,1692,2427,
1558,1585,1693,2428,
1559,1586,1694,2429,
1560,1587,1695,2421,
1561,1588,1696,2422,
1562,1589,1697,2423,
1563,1590,1698,2424,
1564,1591,1699,2425,
1565,1592,1700,2426,
1701,1782,1919,1944,
1702,1783,1917,1945,
1703,1784,1918,1946,
1704,1785,1922,1947,
1705,1786,1920,1948,
1706,1787,1921,1949,
1707,1788,1925,1950,
1708,1789,1923,1951,
1709,1790,1924,1952,
1710,1791,1928,1953,
1711,1792,1926,1954,
1712,1793,1927,1955,
1713,1794,1931,1956,
1714,1795,1929,1957,
1715,1796,1930,1958,
1716,1797,1934,1959,
1717,1798,1932,1960,
1718,1799,1933,1961,
1719,1800,1937,1962,
1720,1801,1935,1963,
1721,1802,1936,1964,
1722,1803,1940,1965,
1723,1804,1938,1966,
1724,1805,1939,1967,
1725,1806,1943,1968,
1726,1807,1941,1969,
1727,1808,1942,1970,
1728,1809,1836,1971,
1729,1810,1837,1972,
1730,1811,1838,1973,
1731,1812,1839,1974,
1732,1813,1840,1975,
1733,1814,1841,1976,
1734,1815,1842,1977,
1735,1816,1843,1978,
1736,1817,1844,1979,
1737,1818,1845,1980,
1738,1819,1846,1981,
1739,1820,1847,1982,
1740,1821,1848,1983,
1741,1822,1849,1984,
1742,1823,1850,1985,
1743,1824,1851,1986,
1744,1825,1852,1987,
1745,1826,1853,1988,
1746,1827,1854,1989,
1747,1828,1855,1990,
1748,1829,1856,1991,
1749,1830,1857,1992,
1750,1831,1858,1993,
1751,1832,1859,1994,
1752,1833,1860,1995,
1753,1834,1861,1996,
1754,1835,1862,1997,
1755,1863,1890,1998,
1756,1864,1891,1999,
1757,1865,1892,2000,
1758,1866,1893,2001,
1759,1867,1894,2002,
1760,1868,1895,2003,
1761,1869,1896,2004,
1762,1870,1897,2005,
1763,1871,1898,2006,
1764,1872,1899,2007,
1765,1873,1900,2008,
1766,1874,1901,2009,
1767,1875,1902,2010,
1768,1876,1903,2011,
1769,1877,1904,2012,
1770,1878,1905,2013,
1771,1879,1906,2014,
1772,1880,1907,2015,
1773,1881,1908,2016,
1774,1882,1909,2017,
1775,1883,1910,2018,
1776,1884,1911,2019,
1777,1885,1912,2020,
1778,1886,1913,2021,
1779,1887,1914,2022,
1780,1888,1915,2023,
1781,1889,1916,2024,
2025,2106,2243,2268,
2026,2107,2241,2269,
2027,2108,2242,2270,
2028,2109,2246,2271,
2029,2110,2244,2272,
2030,2111,2245,2273,
2031,2112,2249,2274,
2032,2113,2247,2275,
2033,2114,2248,2276,
2034,2115,2252,2277,
2035,2116,2250,2278,
2036,2117,2251,2279,
2037,2118,2255,2280,
2038,2119,2253,2281,
2039,2120,2254,2282,
2040,2121,2258,2283,
2041,2122,2256,2284,
2042,2123,2257,2285,
2043,2124,2261,2286,
2044,2125,2259,2287,
2045,2126,2260,2288,
2046,2127,2264,2289,
2047,2128,2262,2290,
2048,2129,2263,2291,
2049,2130,2267,2292,
2050,2131,2265,2293,
2051,2132,2266,2294,
2052,2133,2160,2295,
2053,2134,2161,2296,
2054,2135,2162,2297,
2055,2136,2163,2298,
2056,2137,2164,2299,
2057,2138,2165,2300,
2058,2139,2166,2301,
2059,2140,2167,2302,
2060,2141,2168,2303,
2061,2142,2169,2304,
2062,2143,2170,2305,
2063,2144,2171,2306,
2064,2145,2172,2307,
2065,2146,2173,2308,
2066,2147,2174,2309,
2067,2148,2175,2310,
2068,2149,2176,2311,
2069,2150,2177,2312,
2070,2151,2178,2313,
2071,2152,2179,2314,
2072,2153,2180,2315,
2073,2154,2181,2316,
2074,2155,2182,2317,
2075,2156,2183,2318,
2076,2157,2184,2319,
2077,2158,2185,2320,
2078,2159,2186,2321,
2079,2187,2214,2322,
2080,2188,2215,2323,
2081,2189,2216,2324,
2082,2190,2217,2325,
2083,2191,2218,2326,
2084,2192,2219,2327,
2085,2193,2220,2328,
2086,2194,2221,2329,
2087,2195,2222,2330,
2088,2196,2223,2331,
2089,2197,2224,2332,
2090,2198,2225,2333,
2091,2199,2226,2334,
2092,2200,2227,2335,
2093,2201,2228,2336,
2094,2202,2229,2337,
2095,2203,2230,2338,
2096,2204,2231,2339,
2097,2205,2232,2340,
2098,2206,2233,2341,
2099,2207,2234,2342,
2100,2208,2235,2343,
2101,2209,2236,2344,
2102,2210,2237,2345,
2103,2211,2238,2346,
2104,2212,2239,2347,
2105,2213,2240,2348,
4374,4511,4536,5271,
4375,4509,4537,5272,
4376,4510,4538,5273,
4377,4514,4539,5265,
4378,4512,4540,5266,
4379,4513,4541,5267,
4380,4517,4542,5268,
4381,4515,4543,5269,
4382,4516,4544,5270,
4383,4520,4545,5280,
4384,4518,4546,5281,
4385,4519,4547,5282,
4386,4523,4548,5274,
4387,4521,4549,5275,
4388,4522,4550,5276,
4389,4526,4551,5277,
4390,4524,4552,5278,
4391,4525,4553,5279,
4392,4529,4554,5289,
4393,4527,4555,5290,
4394,4528,4556,5291,
4395,4532,4557,5283,
4396,4530,4558,5284,
4397,4531,4559,5285,
4398,4535,4560,5286,
4399,4533,4561,5287,
4400,4534,4562,5288,
4401,4428,4563,5298,
4402,4429,4564,5299,
4403,4430,4565,5300,
4404,4431,4566,5292,
4405,4432,4567,5293,
4406,4433,4568,5294,
4407,4434,4569,5295,
4408,4435,4570,5296,
4409,4436,4571,5297,
4410,4437,4572,5307,
4411,4438,4573,5308,
4412,4439,4574,5309,
4413,4440,4575,5301,
4414,4441,4576,5302,
4415,4442,4577,5303,
4416,4443,4578,5304,
4417,4444,4579,5305,
4418,4445,4580,5306,
4419,4446,4581,5316,
4420,4447,4582,5317,
4421,4448,4583,5318,
4422,4449,4584,5310,
4423,4450,4585,5311,
4424,4451,4586,5312,
4425,4452,4587,5313,
4426,4453,4588,5314,
4427,4454,4589,5315,
4455,4482,4590,5325,
4456,4483,4591,5326,
4457,4484,4592,5327,
4458,4485,4593,5319,
4459,4486,4594,5320,
4460,4487,4595,5321,
4461,4488,4596,5322,
4462,4489,4597,5323,
4463,4490,4598,5324,
4464,4491,4599,5334,
4465,4492,4600,5335,
4466,4493,4601,5336,
4467,4494,4602,5328,
4468,4495,4603,5329,
4469,4496,4604,5330,
4470,4497,4605,5331,
4471,4498,4606,5332,
4472,4499,4607,5333,
4473,4500,4608,5343,
4474,4501,4609,5344,
4475,4502,4610,5345,
4476,4503,4611,5337,
4477,4504,4612,5338,
4478,4505,4613,5339,
4479,4506,4614,5340,
4480,4507,4615,5341,
4481,4508,4616,5342,
4617,4698,4835,4860,
4618,4699,4833,4861,
4619,4700,4834,4862,
4620,4701,4838,4863,
4621,4702,4836,4864,
4622,4703,4837,4865,
4623,4704,4841,4866,
4624,4705,4839,4867,
4625,4706,4840,4868,
4626,4707,4844,4869,
4627,4708,4842,4870,
4628,4709,4843,4871,
4629,4710,4847,4872,
4630,4711,4845,4873,
4631,4712,4846,4874,
4632,4713,4850,4875,
4633,4714,4848,4876,
4634,4715,4849,4877,
4635,4716,4853,4878,
4636,4717,4851,4879,
4637,4718,4852,4880,
4638,4719,4856,4881,
4639,4720,4854,4882,
4640,4721,4855,4883,
4641,4722,4859,4884,
4642,4723,4857,4885,
4643,4724,4858,4886,
4644,4725,4752,4887,
4645,4726,4753,4888,
4646,4727,4754,4889,
4647,4728,4755,4890,
4648,4729,4756,4891,
4649,4730,4757,4892,
4650,4731,4758,4893,
4651,4732,4759,4894,
4652,4733,4760,4895,
4653,4734,4761,4896,
4654,4735,4762,4897,
4655,4736,4763,4898,
4656,4737,4764,4899,
4657,4738,4765,4900,
4658,4739,4766,4901,
4659,4740,4767,4902,
4660,4741,4768,4903,
4661,4742,4769,4904,
4662,4743,4770,4905,
4663,4744,4771,4906,
4664,4745,4772,4907,
4665,4746,4773,4908,
4666,4747,4774,4909,
4667,4748,4775,4910,
4668,4749,4776,4911,
4669,4750,4777,4912,
4670,4751,4778,4913,
4671,4779,4806,4914,
4672,4780,4807,4915,
4673,4781,4808,4916,
4674,4782,4809,4917,
4675,4783,4810,4918,
4676,4784,4811,4919,
4677,4785,4812,4920,
4678,4786,4813,4921,
4679,4787,4814,4922,
4680,4788,4815,4923,
4681,4789,4816,4924,
4682,4790,4817,4925,
4683,4791,4818,4926,
4684,4792,4819,4927,
4685,4793,4820,4928,
4686,4794,4821,4929,
4687,4795,4822,4930,
4688,4796,4823,4931,
4689,4797,4824,4932,
4690,4798,4825,4933,
4691,4799,4826,4934,
4692,4800,4827,4935,
4693,4801,4828,4936,
4694,4802,4829,4937,
4695,4803,4830,4938,
4696,4804,4831,4939,
4697,4805,4832,4940,
4941,5022,5159,5184,
4942,5023,5157,5185,
4943,5024,5158,5186,
4944,5025,5162,5187,
4945,5026,5160,5188,
4946,5027,5161,5189,
4947,5028,5165,5190,
4948,5029,5163,5191,
4949,5030,5164,5192,
4950,5031,5168,5193,
4951,5032,5166,5194,
4952,5033,5167,5195,
4953,5034,5171,5196,
4954,5035,5169,5197,
4955,5036,5170,5198,
4956,5037,5174,5199,
4957,5038,5172,5200,
4958,5039,5173,5201,
4959,5040,5177,5202,
4960,5041,5175,5203,
4961,5042,5176,5204,
4962,5043,5180,5205,
4963,5044,5178,5206,
4964,5045,5179,5207,
4965,5046,5183,5208,
4966,5047,5181,5209,
4967,5048,5182,5210,
4968,5049,5076,5211,
4969,5050,5077,5212,
4970,5051,5078,5213,
4971,5052,5079,5214,
4972,5053,5080,5215,
4973,5054,5081,5216,
4974,5055,5082,5217,
4975,5056,5083,5218,
4976,5057,5084,5219,
4977,5058,5085,5220,
4978,5059,5086,5221,
4979,5060,5087,5222,
4980,5061,5088,5223,
4981,5062,5089,5224,
4982,5063,5090,5225,
4983,5064,5091,5226,
4984,5065,5092,5227,
4985,5066,5093,5228,
4986,5067,5094,5229,
4987,5068,5095,5230,
4988,5069,5096,5231,
4989,5070,5097,5232,
4990,5071,5098,5233,
4991,5072,5099,5234,
4992,5073,5100,5235,
4993,5074,5101,5236,
4994,5075,5102,5237,
4995,5103,5130,5238,
4996,5104,5131,5239,
4997,5105,5132,5240,
4998,5106,5133,5241,
4999,5107,5134,5242,
5000,5108,5135,5243,
5001,5109,5136,5244,
5002,5110,5137,5245,
5003,5111,5138,5246,
5004,5112,5139,5247,
5005,5113,5140,5248,
5006,5114,5141,5249,
5007,5115,5142,5250,
5008,5116,5143,5251,
5009,5117,5144,5252,
5010,5118,5145,5253,
5011,5119,5146,5254,
5012,5120,5147,5255,
5013,5121,5148,5256,
5014,5122,5149,5257,
5015,5123,5150,5258,
5016,5124,5151,5259,
5017,5125,5152,5260,
5018,5126,5153,5261,
5019,5127,5154,5262,
5020,5128,5155,5263,
5021,5129,5156,5264,
7290,7427,7452,8187,
7291,7425,7453,8188,
7292,7426,7454,8189,
7293,7430,7455,8181,
7294,7428,7456,8182,
7295,7429,7457,8183,
7296,7433,7458,8184,
7297,7431,7459,8185,
7298,7432,7460,8186,
7299,7436,7461,8196,
7300,7434,7462,8197,
7301,7435,7463,8198,
7302,7439,7464,8190,
7303,7437,7465,8191,
7304,7438,7466,8192,
7305,7442,7467,8193,
7306,7440,7468,8194,
7307,7441,7469,8195,
7308,7445,7470,8205,
7309,7443,7471,8206,
7310,7444,7472,8207,
7311,7448,7473,8199,
7312,7446,7474,8200,
7313,7447,7475,8201,
7314,7451,7476,8202,
7315,7449,7477,8203,
7316,7450,7478,8204,
7317,7344,7479,8214,
7318,7345,7480,8215,
7319,7346,7481,8216,
7320,7347,7482,8208,
7321,7348,7483,8209,
7322,7349,7484,8210,
7323,7350,7485,8211,
7324,7351,7486,8212,
7325,7352,7487,8213,
7326,7353,7488,8223,
7327,7354,7489,8224,
7328,7355,7490,8225,
7329,7356,7491,8217,
7330,7357,7492,8218,
7331,7358,7493,8219,
7332,7359,7494,8220,
7333,7360,7495,8221,
7334,7361,7496,8222,
7335,7362,7497,8232,
7336,7363,7498,8233,
7337,7364,7499,8234,
7338,7365,7500,8226,
7339,7366,7501,8227,
7340,7367,7502,8228,
7341,7368,7503,8229,
7342,7369,7504,8230,
7343,7370,7505,8231,
7371,7398,7506,8241,
7372,7399,7507,8242,
7373,7400,7508,8243,
7374,7401,7509,8235,
7375,7402,7510,8236,
7376,7403,7511,8237,
7377,7404,7512,8238,
7378,7405,7513,8239,
7379,7406,7514,8240,
7380,7407,7515,8250,
7381,7408,7516,8251,
7382,7409,7517,8252,
7383,7410,7518,8244,
7384,7411,7519,8245,
7385,7412,7520,8246,
7386,7413,7521,8247,
7387,7414,7522,8248,
7388,7415,7523,8249,
7389,7416,7524,8259,
7390,7417,7525,8260,
7391,7418,7526,8261,
7392,7419,7527,8253,
7393,7420,7528,8254,
7394,7421,7529,8255,
7395,7422,7530,8256,
7396,7423,7531,8257,
7397,7424,7532,8258,
7533,7614,7751,7776,
7534,7615,7749,7777,
7535,7616,7750,7778,
7536,7617,7754,7779,
7537,7618,7752,7780,
7538,7619,7753,7781,
7539,7620,7757,7782,
7540,7621,7755,7783,
7541,7622,7756,7784,
7542,7623,7760,7785,
7543,7624,7758,7786,
7544,7625,7759,7787,
7545,7626,7763,7788,
7546,7627,7761,7789,
7547,7628,7762,7790,
7548,7629,7766,7791,
7549,7630,7764,7792,
7550,7631,7765,7793,
7551,7632,7769,7794,
7552,7633,7767,7795,
7553,7634,7768,7796,
7554,7635,7772,7797,
7555,7636,7770,7798,
7556,7637,7771,7799,
7557,7638,7775,7800,
7558,7639,7773,7801,
7559,7640,7774,7802,
7560,7641,7668,7803,
7561,7642,7669,7804,
7562,7643,7670,7805,
7563,7644,7671,7806,
7564,7645,7672,7807,
7565,7646,7673,7808,
7566,7647,7674,7809,
7567,7648,7675,7810,
7568,7649,7676,7811,
7569,7650,7677,7812,
7570,7651,7678,7813,
7571,7652,7679,7814,
7572,7653,7680,7815,
7573,7654,7681,7816,
7574,7655,7682,7817,
7575,7656,7683,7818,
7576,7657,7684,7819,
7577,7658,7685,7820,
7578,7659,7686,7821,
7579,7660,7687,7822,
7580,7661,7688,7823,
7581,7662,7689,7824,
7582,7663,7690,7825,
7583,7664,7691,7826,
7584,7665,7692,7827,
7585,7666,7693,7828,
7586,7667,7694,7829,
7587,7695,7722,7830,
7588,7696,7723,7831,
7589,7697,7724,7832,
7590,7698,7725,7833,
7591,7699,7726,7834,
7592,7700,7727,7835,
7593,7701,7728,7836,
7594,7702,7729,7837,
7595,7703,7730,7838,
7596,7704,7731,7839,
7597,7705,7732,7840,
7598,7706,7733,7841,
7599,7707,7734,7842,
7600,7708,7735,7843,
7601,7709,7736,7844,
7602,7710,7737,7845,
7603,7711,7738,7846,
7604,7712,7739,7847,
7605,7713,7740,7848,
7606,7714,7741,7849,
7607,7715,7742,7850,
7608,7716,7743,7851,
7609,7717,7744,7852,
7610,7718,7745,7853,
7611,7719,7746,7854,
7612,7720,7747,7855,
7613,7721,7748,7856,
7857,7938,8075,8100,
7858,7939,8073,8101,
7859,7940,8074,8102,
7860,7941,8078,8103,
7861,7942,8076,8104,
7862,7943,8077,8105,
7863,7944,8081,8106,
7864,7945,8079,8107,
7865,7946,8080,8108,
7866,7947,8084,8109,
7867,7948,8082,8110,
7868,7949,8083,8111,
7869,7950,8087,8112,
7870,7951,8085,8113,
7871,7952,8086,8114,
7872,7953,8090,8115,
7873,7954,8088,8116,
7874,7955,8089,8117,
7875,7956,8093,8118,
7876,7957,8091,8119,
7877,7958,8092,8120,
7878,7959,8096,8121,
7879,7960,8094,8122,
7880,7961,8095,8123,
7881,7962,8099,8124,
7882,7963,8097,8125,
7883,7964,8098,8126,
7884,7965,7992,8127,
7885,7966,7993,8128,
7886,7967,7994,8129,
7887,7968,7995,8130,
7888,7969,7996,8131,
7889,7970,7997,8132,
7890,7971,7998,8133,
7891,7972,7999,8134,
7892,7973,8000,8135,
7893,7974,8001,8136,
7894,7975,8002,8137,
7895,7976,8003,8138,
7896,7977,8004,8139,
7897,7978,8005,8140,
7898,7979,8006,8141,
7899,7980,8007,8142,
7900,7981,8008,8143,
7901,7982,8009,8144,
7902,7983,8010,8145,
7903,7984,8011,8146,
7904,7985,8012,8147,
7905,7986,8013,8148,
7906,7987,8014,8149,
7907,7988,8015,8150,
7908,7989,8016,8151,
7909,7990,8017,8152,
7910,7991,8018,8153,
7911,8019,8046,8154,
7912,8020,8047,8155,
7913,8021,8048,8156,
7914,8022,8049,8157,
7915,8023,8050,8158,
7916,8024,8051,8159,
7917,8025,8052,8160,
7918,8026,8053,8161,
7919,8027,8054,8162,
7920,8028,8055,8163,
7921,8029,8056,8164,
7922,8030,8057,8165,
7923,8031,8058,8166,
7924,8032,8059,8167,
7925,8033,8060,8168,
7926,8034,8061,8169,
7927,8035,8062,8170,
7928,8036,8063,8171,
7929,8037,8064,8172,
7930,8038,8065,8173,
7931,8039,8066,8174,
7932,8040,8067,8175,
7933,8041,8068,8176,
7934,8042,8069,8177,
7935,8043,8070,8178,
7936,8044,8071,8179,
7937,8045,8072,8180,
81,218,1053,8361,
82,216,1054,8362,
83,217,1055,8363,
84,221,1056,8364,
85,219,1057,8365,
86,220,1058,8366,
87,224,1059,8367,
88,222,1060,8368,
89,223,1061,8369,
90,227,1062,8343,
91,225,1063,8344,
92,226,1064,8345,
93,230,1065,8346,
94,228,1066,8347,
95,229,1067,8348,
96,233,1068,8349,
97,231,1069,8350,
98,232,1070,8351,
99,236,1071,8352,
100,234,1072,8353,
101,235,1073,8354,
102,239,1074,8355,
103,237,1075,8356,
104,238,1076,8357,
105,242,1077,8358,
106,240,1078,8359,
107,241,1079,8360,
108,135,1080,8388,
109,136,1081,8389,
110,137,1082,8390,
111,138,1083,8391,
112,139,1084,8392,
113,140,1085,8393,
114,141,1086,8394,
115,142,1087,8395,
116,143,1088,8396,
117,144,1089,8370,
118,145,1090,8371,
119,146,1091,8372,
120,147,1092,8373,
121,148,1093,8374,
122,149,1094,8375,
123,150,1095,8376,
124,151,1096,8377,
125,152,1097,8378,
126,153,1098,8379,
127,154,1099,8380,
128,155,1100,8381,
129,156,1101,8382,
130,157,1102,8383,
131,158,1103,8384,
132,159,1104,8385,
133,160,1105,8386,
134,161,1106,8387,
162,189,1107,8415,
163,190,1108,8416,
164,191,1109,8417,
165,192,1110,8418,
166,193,1111,8419,
167,194,1112,8420,
168,195,1113,8421,
169,196,1114,8422,
170,197,1115,8423,
171,198,1116,8397,
172,199,1117,8398,
173,200,1118,8399,
174,201,1119,8400,
175,202,1120,8401,
176,203,1121,8402,
177,204,1122,8403,
178,205,1123,8404,
179,206,1124,8405,
180,207,1125,8406,
181,208,1126,8407,
182,209,1127,8408,
183,210,1128,8409,
184,211,1129,8410,
185,212,1130,8411,
186,213,1131,8412,
187,214,1132,8413,
188,215,1133,8414,
405,542,1215,8523,
406,540,1216,8524,
407,541,1217,8525,
408,545,1218,8526,
409,543,1219,8527,
410,544,1220,8528,
411,548,1221,8529,
412,546,1222,8530,
413,547,1223,8531,
414,551,1224,8505,
415,549,1225,8506,
416,550,1226,8507,
417,554,1227,8508,
418,552,1228,8509,
419,553,1229,8510,
420,557,1230,8511,
421,555,1231,8512,
422,556,1232,8513,
423,560,1233,8514,
424,558,1234,8515,
425,559,1235,8516,
426,563,1236,8517,
427,561,1237,8518,
428,562,1238,8519,
429,566,1239,8520,
430,564,1240,8521,
431,565,1241,8522,
432,459,1242,8550,
433,460,1243,8551,
434,461,1244,8552,
435,462,1245,8553,
436,463,1246,8554,
437,464,1247,8555,
438,465,1248,8556,
439,466,1249,8557,
440,467,1250,8558,
441,468,1251,8532,
442,469,1252,8533,
443,470,1253,8534,
444,471,1254,8535,
445,472,1255,8536,
446,473,1256,8537,
447,474,1257,8538,
448,475,1258,8539,
449,476,1259,8540,
450,477,1260,8541,
451,478,1261,8542,
452,479,1262,8543,
453,480,1263,8544,
454,481,1264,8545,
455,482,1265,8546,
456,483,1266,8547,
457,484,1267,8548,
458,485,1268,8549,
486,513,1269,8577,
487,514,1270,8578,
488,515,1271,8579,
489,516,1272,8580,
490,517,1273,8581,
491,518,1274,8582,
492,519,1275,8583,
493,520,1276,8584,
494,521,1277,8585,
495,522,1278,8559,
496,523,1279,8560,
497,524,1280,8561,
498,525,1281,8562,
499,526,1282,8563,
500,527,1283,8564,
501,528,1284,8565,
502,529,1285,8566,
503,530,1286,8567,
504,531,1287,8568,
505,532,1288,8569,
506,533,1289,8570,
507,534,1290,8571,
508,535,1291,8572,
509,536,1292,8573,
510,537,1293,8574,
511,538,1294,8575,
512,539,1295,8576,
729,866,1377,8685,
730,864,1378,8686,
731,865,1379,8687,
732,869,1380,8688,
733,867,1381,8689,
734,868,1382,8690,
735,872,1383,8691,
736,870,1384,8692,
737,871,1385,8693,
738,875,1386,8667,
739,873,1387,8668,
740,874,1388,8669,
741,878,1389,8670,
742,876,1390,8671,
743,877,1391,8672,
744,881,1392,8673,
745,879,1393,8674,
746,880,1394,8675,
747,884,1395,8676,
748,882,1396,8677,
749,883,1397,8678,
750,887,1398,8679,
751,885,1399,8680,
752,886,1400,8681,
753,890,1401,8682,
754,888,1402,8683,
755,889,1403,8684,
756,783,1404,8712,
757,784,1405,8713,
758,785,1406,8714,
759,786,1407,8715,
760,787,1408,8716,
761,788,1409,8717,
762,789,1410,8718,
763,790,1411,8719,
764,791,1412,8720,
765,792,1413,8694,
766,793,1414,8695,
767,794,1415,8696,
768,795,1416,8697,
769,796,1417,8698,
770,797,1418,8699,
771,798,1419,8700,
772,799,1420,8701,
773,800,1421,8702,
774,801,1422,8703,
775,802,1423,8704,
776,803,1424,8705,
777,804,1425,8706,
778,805,1426,8707,
779,806,1427,8708,
780,807,1428,8709,
781,808,1429,8710,
782,809,1430,8711,
810,837,1431,8739,
811,838,1432,8740,
812,839,1433,8741,
813,840,1434,8742,
814,841,1435,8743,
815,842,1436,8744,
816,843,1437,8745,
817,844,1438,8746,
818,845,1439,8747,
819,846,1440,8721,
820,847,1441,8722,
821,848,1442,8723,
822,849,1443,8724,
823,850,1444,8725,
824,851,1445,8726,
825,852,1446,8727,
826,853,1447,8728,
827,854,1448,8729,
828,855,1449,8730,
829,856,1450,8731,
830,857,1451,8732,
831,858,1452,8733,
832,859,1453,8734,
833,860,1454,8735,
834,861,1455,8736,
835,862,1456,8737,
836,863,1457,8738,
2511,2997,3134,3969,
2512,2998,3132,3970,
2513,2999,3133,3971,
2514,3000,3137,3972,
2515,3001,3135,3973,
2516,3002,3136,3974,
2517,3003,3140,3975,
2518,3004,3138,3976,
2519,3005,3139,3977,
2520,3006,3143,3978,
2521,3007,3141,3979,
2522,3008,3142,3980,
2523,3009,3146,3981,
2524,3010,3144,3982,
2525,3011,3145,3983,
2526,3012,3149,3984,
2527,3013,3147,3985,
2528,3014,3148,3986,
2529,3015,3152,3987,
2530,3016,3150,3988,
2531,3017,3151,3989,
2532,3018,3155,3990,
2533,3019,3153,3991,
2534,3020,3154,3992,
2535,3021,3158,3993,
2536,3022,3156,3994,
2537,3023,3157,3995,
2538,3024,3051,3996,
2539,3025,3052,3997,
2540,3026,3053,3998,
2541,3027,3054,3999,
2542,3028,3055,4000,
2543,3029,3056,4001,
2544,3030,3057,4002,
2545,3031,3058,4003,
2546,3032,3059,4004,
2547,3033,3060,4005,
2548,3034,3061,4006,
2549,3035,3062,4007,
2550,3036,3063,4008,
2551,3037,3064,4009,
2552,3038,3065,4010,
2553,3039,3066,4011,
2554,3040,3067,4012,
2555,3041,3068,4013,
2556,3042,3069,4014,
2557,3043,3070,4015,
2558,3044,3071,4016,
2559,3045,3072,4017,
2560,3046,3073,4018,
2561,3047,3074,4019,
2562,3048,3075,4020,
2563,3049,3076,4021,
2564,3050,3077,4022,
2565,3078,3105,4023,
2566,3079,3106,4024,
2567,3080,3107,4025,
2568,3081,3108,4026,
2569,3082,3109,4027,
2570,3083,3110,4028,
2571,3084,3111,4029,
2572,3085,3112,4030,
2573,3086,3113,4031,
2574,3087,3114,4032,
2575,3088,3115,4033,
2576,3089,3116,4034,
2577,3090,3117,4035,
2578,3091,3118,4036,
2579,3092,3119,4037,
2580,3093,3120,4038,
2581,3094,3121,4039,
2582,3095,3122,4040,
2583,3096,3123,4041,
2584,3097,3124,4042,
2585,3098,3125,4043,
2586,3099,3126,4044,
2587,3100,3127,4045,
2588,3101,3128,4046,
2589,3102,3129,4047,
2590,3103,3130,4048,
2591,3104,3131,4049,
2673,3321,3458,4131,
2674,3322,3456,4132,
2675,3323,3457,4133,
2676,3324,3461,4134,
2677,3325,3459,4135,
2678,3326,3460,4136,
2679,3327,3464,4137,
2680,3328,3462,4138,
2681,3329,3463,4139,
2682,3330,3467,4140,
2683,3331,3465,4141,
2684,3332,3466,4142,
2685,3333,3470,4143,
2686,3334,3468,4144,
2687,3335,3469,4145,
2688,3336,3473,4146,
2689,3337,3471,4147,
2690,3338,3472,4148,
2691,3339,3476,4149,
2692,3340,3474,4150,
2693,3341,3475,4151,
2694,3342,3479,4152,
2695,3343,3477,4153,
2696,3344,3478,4154,
2697,3345,3482,4155,
2698,3346,3480,4156,
2699,3347,3481,4157,
2700,3348,3375,4158,
2701,3349,3376,4159,
2702,3350,3377,4160,
2703,3351,3378,4161,
2704,3352,3379,4162,
2705,3353,3380,4163,
2706,3354,3381,4164,
2707,3355,3382,4165,
2708,3356,3383,4166,
2709,3357,3384,4167,
2710,3358,3385,4168,
2711,3359,3386,4169,
2712,3360,3387,4170,
2713,3361,3388,4171,
2714,3362,3389,4172,
2715,3363,3390,4173,
2716,3364,3391,4174,
2717,3365,3392,4175,
2718,3366,3393,4176,
2719,3367,3394,4177,
2720,3368,3395,4178,
2721,3369,3396,4179,
2722,3370,3397,4180,
2723,3371,3398,4181,
2724,3372,3399,4182,
2725,3373,3400,4183,
2726,3374,3401,4184,
2727,3402,3429,4185,
2728,3403,3430,4186,
2729,3404,3431,4187,
2730,3405,3432,4188,
2731,3406,3433,4189,
2732,3407,3434,4190,
2733,3408,3435,4191,
2734,3409,3436,4192,
2735,3410,3437,4193,
2736,3411,3438,4194,
2737,3412,3439,4195,
2738,3413,3440,4196,
2739,3414,3441,4197,
2740,3415,3442,4198,
2741,3416,3443,4199,
2742,3417,3444,4200,
2743,3418,3445,4201,
2744,3419,3446,4202,
2745,3420,3447,4203,
2746,3421,3448,4204,
2747,3422,3449,4205,
2748,3423,3450,4206,
2749,3424,3451,4207,
2750,3425,3452,4208,
2751,3426,3453,4209,
2752,3427,3454,4210,
2753,3428,3455,4211,
2835,3645,3782,4293,
2836,3646,3780,4294,
2837,3647,3781,4295,
2838,3648,3785,4296,
2839,3649,3783,4297,
2840,3650,3784,4298,
2841,3651,3788,4299,
2842,3652,3786,4300,
2843,3653,3787,4301,
2844,3654,3791,4302,
2845,3655,3789,4303,
2846,3656,3790,4304,
2847,3657,3794,4305,
2848,3658,3792,4306,
2849,3659,3793,4307,
2850,3660,3797,4308,
2851,3661,3795,4309,
2852,3662,3796,4310,
2853,3663,3800,4311,
2854,3664,3798,4312,
2855,3665,3799,4313,
2856,3666,3803,4314,
2857,3667,3801,4315,
2858,3668,3802,4316,
2859,3669,3806,4317,
2860,3670,3804,4318,
2861,3671,3805,4319,
2862,3672,3699,4320,
2863,3673,3700,4321,
2864,3674,3701,4322,
2865,3675,3702,4323,
2866,3676,3703,4324,
2867,3677,3704,4325,
2868,3678,3705,4326,
2869,3679,3706,4327,
2870,3680,3707,4328,
2871,3681,3708,4329,
2872,3682,3709,4330,
2873,3683,3710,4331,
2874,3684,3711,4332,
2875,3685,3712,4333,
2876,3686,3713,4334,
2877,3687,3714,4335,
2878,3688,3715,4336,
2879,3689,3716,4337,
2880,3690,3717,4338,
2881,3691,3718,4339,
2882,3692,3719,4340,
2883,3693,3720,4341,
2884,3694,3721,4342,
2885,3695,3722,4343,
2886,3696,3723,4344,
2887,3697,3724,4345,
2888,3698,3725,4346,
2889,3726,3753,4347,
2890,3727,3754,4348,
2891,3728,3755,4349,
2892,3729,3756,4350,
2893,3730,3757,4351,
2894,3731,3758,4352,
2895,3732,3759,4353,
2896,3733,3760,4354,
2897,3734,3761,4355,
2898,3735,3762,4356,
2899,3736,3763,4357,
2900,3737,3764,4358,
2901,3738,3765,4359,
2902,3739,3766,4360,
2903,3740,3767,4361,
2904,3741,3768,4362,
2905,3742,3769,4363,
2906,3743,3770,4364,
2907,3744,3771,4365,
2908,3745,3772,4366,
2909,3746,3773,4367,
2910,3747,3774,4368,
2911,3748,3775,4369,
2912,3749,3776,4370,
2913,3750,3777,4371,
2914,3751,3778,4372,
2915,3752,3779,4373,
5427,5913,6050,6885,
5428,5914,6048,6886,
5429,5915,6049,6887,
5430,5916,6053,6888,
5431,5917,6051,6889,
5432,5918,6052,6890,
5433,5919,6056,6891,
5434,5920,6054,6892,
5435,5921,6055,6893,
5436,5922,6059,6894,
5437,5923,6057,6895,
5438,5924,6058,6896,
5439,5925,6062,6897,
5440,5926,6060,6898,
5441,5927,6061,6899,
5442,5928,6065,6900,
5443,5929,6063,6901,
5444,5930,6064,6902,
5445,5931,6068,6903,
5446,5932,6066,6904,
5447,5933,6067,6905,
5448,5934,6071,6906,
5449,5935,6069,6907,
5450,5936,6070,6908,
5451,5937,6074,6909,
5452,5938,6072,6910,
5453,5939,6073,6911,
5454,5940,5967,6912,
5455,5941,5968,6913,
5456,5942,5969,6914,
5457,5943,5970,6915,
5458,5944,5971,6916,
5459,5945,5972,6917,
5460,5946,5973,6918,
5461,5947,5974,6919,
5462,5948,5975,6920,
5463,5949,5976,6921,
5464,5950,5977,6922,
5465,5951,5978,6923,
5466,5952,5979,6924,
5467,5953,5980,6925,
5468,5954,5981,6926,
5469,5955,5982,6927,
5470,5956,5983,6928,
5471,5957,5984,6929,
5472,5958,5985,6930,
5473,5959,5986,6931,
5474,5960,5987,6932,
5475,5961,5988,6933,
5476,5962,5989,6934,
5477,5963,5990,6935,
5478,5964,5991,6936,
5479,5965,5992,6937,
5480,5966,5993,6938,
5481,5994,6021,6939,
5482,5995,6022,6940,
5483,5996,6023,6941,
5484,5997,6024,6942,
5485,5998,6025,6943,
5486,5999,6026,6944,
5487,6000,6027,6945,
5488,6001,6028,6946,
5489,6002,6029,6947,
5490,6003,6030,6948,
5491,6004,6031,6949,
5492,6005,6032,6950,
5493,6006,6033,6951,
5494,6007,6034,6952,
5495,6008,6035,6953,
5496,6009,6036,6954,
5497,6010,6037,6955,
5498,6011,6038,6956,
5499,6012,6039,6957,
5500,6013,6040,6958,
5501,6014,6041,6959,
5502,6015,6042,6960,
5503,6016,6043,6961,
5504,6017,6044,6962,
5505,6018,6045,6963,
5506,6019,6046,6964,
5507,6020,6047,6965,
5589,6237,6374,7047,
5590,6238,6372,7048,
5591,6239,6373,7049,
5592,6240,6377,7050,
5593,6241,6375,7051,
5594,6242,6376,7052,
5595,6243,6380,7053,
5596,6244,6378,7054,
5597,6245,6379,7055,
5598,6246,6383,7056,
5599,6247,6381,7057,
5600,6248,6382,7058,
5601,6249,6386,7059,
5602,6250,6384,7060,
5603,6251,6385,7061,
5604,6252,6389,7062,
5605,6253,6387,7063,
5606,6254,6388,7064,
5607,6255,6392,7065,
5608,6256,6390,7066,
5609,6257,6391,7067,
5610,6258,6395,7068,
5611,6259,6393,7069,
5612,6260,6394,7070,
5613,6261,6398,7071,
5614,6262,6396,7072,
5615,6263,6397,7073,
5616,6264,6291,7074,
5617,6265,6292,7075,
5618,6266,6293,7076,
5619,6267,6294,7077,
5620,6268,6295,7078,
5621,6269,6296,7079,
5622,6270,6297,7080,
5623,6271,6298,7081,
5624,6272,6299,7082,
5625,6273,6300,7083,
5626,6274,6301,7084,
5627,6275,6302,7085,
5628,6276,6303,7086,
5629,6277,6304,7087,
5630,6278,6305,7088,
5631,6279,6306,7089,
5632,6280,6307,7090,
5633,6281,6308,7091,
5634,6282,6309,7092,
5635,6283,6310,7093,
5636,6284,6311,7094,
5637,6285,6312,7095,
5638,6286,6313,7096,
5639,6287,6314,7097,
5640,6288,6315,7098,
5641,6289,6316,7099,
5642,6290,6317,7100,
5643,6318,6345,7101,
5644,6319,6346,7102,
5645,6320,6347,7103,
5646,6321,6348,7104,
5647,6322,6349,7105,
5648,6323,6350,7106,
5649,6324,6351,7107,
5650,6325,6352,7108,
5651,6326,6353,7109,
5652,6327,6354,7110,
5653,6328,6355,7111,
5654,6329,6356,7112,
5655,6330,6357,7113,
5656,6331,6358,7114,
5657,6332,6359,7115,
5658,6333,6360,7116,
5659,6334,6361,7117,
5660,6335,6362,7118,
5661,6336,6363,7119,
5662,6337,6364,7120,
5663,6338,6365,7121,
5664,6339,6366,7122,
5665,6340,6367,7123,
5666,6341,6368,7124,
5667,6342,6369,7125,
5668,6343,6370,7126,
5669,6344,6371,7127,
5751,6561,6698,7209,
5752,6562,6696,7210,
5753,6563,6697,7211,
5754,6564,6701,7212,
5755,6565,6699,7213,
5756,6566,6700,7214,
5757,6567,6704,7215,
5758,6568,6702,7216,
5759,6569,6703,7217,
5760,6570,6707,7218,
5761,6571,6705,7219,
5762,6572,6706,7220,
5763,6573,6710,7221,
5764,6574,6708,7222,
5765,6575,6709,7223,
5766,6576,6713,7224,
5767,6577,6711,7225,
5768,6578,6712,7226,
5769,6579,6716,7227,
5770,6580,6714,7228,
5771,6581,6715,7229,
5772,6582,6719,7230,
5773,6583,6717,7231,
5774,6584,6718,7232,
5775,6585,6722,7233,
5776,6586,6720,7234,
5777,6587,6721,7235,
5778,6588,6615,7236,
5779,6589,6616,7237,
5780,6590,6617,7238,
5781,6591,6618,7239,
5782,6592,6619,7240,
5783,6593,6620,7241,
5784,6594,6621,7242,
5785,6595,6622,7243,
5786,6596,6623,7244,
5787,6597,6624,7245,
5788,6598,6625,7246,
5789,6599,6626,7247,
5790,6600,6627,7248,
5791,6601,6628,7249,
5792,6602,6629,7250,
5793,6603,6630,7251,
5794,6604,6631,7252,
5795,6605,6632,7253,
5796,6606,6633,7254,
5797,6607,6634,7255,
5798,6608,6635,7256,
5799,6609,6636,7257,
5800,6610,6637,7258,
5801,6611,6638,7259,
5802,6612,6639,7260,
5803,6613,6640,7261,
5804,6614,6641,7262,
5805,6642,6669,7263,
5806,6643,6670,7264,
5807,6644,6671,7265,
5808,6645,6672,7266,
5809,6646,6673,7267,
5810,6647,6674,7268,
5811,6648,6675,7269,
5812,6649,6676,7270,
5813,6650,6677,7271,
5814,6651,6678,7272,
5815,6652,6679,7273,
5816,6653,6680,7274,
5817,6654,6681,7275,
5818,6655,6682,7276,
5819,6656,6683,7277,
5820,6657,6684,7278,
5821,6658,6685,7279,
5822,6659,6686,7280,
5823,6660,6687,7281,
5824,6661,6688,7282,
5825,6662,6689,7283,
5826,6663,6690,7284,
5827,6664,6691,7285,
5828,6665,6692,7286,
5829,6666,6693,7287,
5830,6667,6694,7288,
5831,6668,6695,7289,
0,897,972,8280,
1,898,973,8281,
2,899,974,8282,
3,891,975,8283,
4,892,976,8284,
5,893,977,8285,
6,894,978,8286,
7,895,979,8287,
8,896,980,8288,
9,906,981,8262,
10,907,982,8263,
11,908,983,8264,
12,900,984,8265,
13,901,985,8266,
14,902,986,8267,
15,903,987,8268,
16,904,988,8269,
17,905,989,8270,
18,915,990,8271,
19,916,991,8272,
20,917,992,8273,
21,909,993,8274,
22,910,994,8275,
23,911,995,8276,
24,912,996,8277,
25,913,997,8278,
26,914,998,8279,
27,924,999,8307,
28,925,1000,8308,
29,926,1001,8309,
30,918,1002,8310,
31,919,1003,8311,
32,920,1004,8312,
33,921,1005,8313,
34,922,1006,8314,
35,923,1007,8315,
36,933,1008,8289,
37,934,1009,8290,
38,935,1010,8291,
39,927,1011,8292,
40,928,1012,8293,
41,929,1013,8294,
42,930,1014,8295,
43,931,1015,8296,
44,932,1016,8297,
45,942,1017,8298,
46,943,1018,8299,
47,944,1019,8300,
48,936,1020,8301,
49,937,1021,8302,
50,938,1022,8303,
51,939,1023,8304,
52,940,1024,8305,
53,941,1025,8306,
54,951,1026,8334,
55,952,1027,8335,
56,953,1028,8336,
57,945,1029,8337,
58,946,1030,8338,
59,947,1031,8339,
60,948,1032,8340,
61,949,1033,8341,
62,950,1034,8342,
63,960,1035,8316,
64,961,1036,8317,
65,962,1037,8318,
66,954,1038,8319,
67,955,1039,8320,
68,956,1040,8321,
69,957,1041,8322,
70,958,1042,8323,
71,959,1043,8324,
72,969,1044,8325,
73,970,1045,8326,
74,971,1046,8327,
75,963,1047,8328,
76,964,1048,8329,
77,965,1049,8330,
78,966,1050,8331,
79,967,1051,8332,
80,968,1052,8333,
243,324,1134,8442,
244,325,1135,8443,
245,326,1136,8444,
246,327,1137,8445,
247,328,1138,8446,
248,329,1139,8447,
249,330,1140,8448,
250,331,1141,8449,
251,332,1142,8450,
252,333,1143,8424,
253,334,1144,8425,
254,335,1145,8426,
255,336,1146,8427,
256,337,1147,8428,
257,338,1148,8429,
258,339,1149,8430,
259,340,1150,8431,
260,341,1151,8432,
261,342,1152,8433,
262,343,1153,8434,
263,344,1154,8435,
264,345,1155,8436,
265,346,1156,8437,
266,347,1157,8438,
267,348,1158,8439,
268,349,1159,8440,
269,350,1160,8441,
270,351,1161,8469,
271,352,1162,8470,
272,353,1163,8471,
273,354,1164,8472,
274,355,1165,8473,
275,356,1166,8474,
276,357,1167,8475,
277,358,1168,8476,
278,359,1169,8477,
279,360,1170,8451,
280,361,1171,8452,
281,362,1172,8453,
282,363,1173,8454,
283,364,1174,8455,
284,365,1175,8456,
285,366,1176,8457,
286,367,1177,8458,
287,368,1178,8459,
288,369,1179,8460,
289,370,1180,8461,
290,371,1181,8462,
291,372,1182,8463,
292,373,1183,8464,
293,374,1184,8465,
294,375,1185,8466,
295,376,1186,8467,
296,377,1187,8468,
297,378,1188,8496,
298,379,1189,8497,
299,380,1190,8498,
300,381,1191,8499,
301,382,1192,8500,
302,383,1193,8501,
303,384,1194,8502,
304,385,1195,8503,
305,386,1196,8504,
306,387,1197,8478,
307,388,1198,8479,
308,389,1199,8480,
309,390,1200,8481,
310,391,1201,8482,
311,392,1202,8483,
312,393,1203,8484,
313,394,1204,8485,
314,395,1205,8486,
315,396,1206,8487,
316,397,1207,8488,
317,398,1208,8489,
318,399,1209,8490,
319,400,1210,8491,
320,401,1211,8492,
321,402,1212,8493,
322,403,1213,8494,
323,404,1214,8495,
567,648,1296,8604,
568,649,1297,8605,
569,650,1298,8606,
570,651,1299,8607,
571,652,1300,8608,
572,653,1301,8609,
573,654,1302,8610,
574,655,1303,8611,
575,656,1304,8612,
576,657,1305,8586,
577,658,1306,8587,
578,659,1307,8588,
579,660,1308,8589,
580,661,1309,8590,
581,662,1310,8591,
582,663,1311,8592,
583,664,1312,8593,
584,665,1313,8594,
585,666,1314,8595,
586,667,1315,8596,
587,668,1316,8597,
588,669,1317,8598,
589,670,1318,8599,
590,671,1319,8600,
591,672,1320,8601,
592,673,1321,8602,
593,674,1322,8603,
594,675,1323,8631,
595,676,1324,8632,
596,677,1325,8633,
597,678,1326,8634,
598,679,1327,8635,
599,680,1328,8636,
600,681,1329,8637,
601,682,1330,8638,
602,683,1331,8639,
603,684,1332,8613,
604,685,1333,8614,
605,686,1334,8615,
606,687,1335,8616,
607,688,1336,8617,
608,689,1337,8618,
609,690,1338,8619,
610,691,1339,8620,
611,692,1340,8621,
612,693,1341,8622,
613,694,1342,8623,
614,695,1343,8624,
615,696,1344,8625,
616,697,1345,8626,
617,698,1346,8627,
618,699,1347,8628,
619,700,1348,8629,
620,701,1349,8630,
621,702,1350,8658,
622,703,1351,8659,
623,704,1352,8660,
624,705,1353,8661,
625,706,1354,8662,
626,707,1355,8663,
627,708,1356,8664,
628,709,1357,8665,
629,710,1358,8666,
630,711,1359,8640,
631,712,1360,8641,
632,713,1361,8642,
633,714,1362,8643,
634,715,1363,8644,
635,716,1364,8645,
636,717,1365,8646,
637,718,1366,8647,
638,719,1367,8648,
639,720,1368,8649,
640,721,1369,8650,
641,722,1370,8651,
642,723,1371,8652,
643,724,1372,8653,
644,725,1373,8654,
645,726,1374,8655,
646,727,1375,8656,
647,728,1376,8657,
2430,2916,3813,3888,
2431,2917,3814,3889,
2432,2918,3815,3890,
2433,2919,3807,3891,
2434,2920,3808,3892,
2435,2921,3809,3893,
2436,2922,3810,3894,
2437,2923,3811,3895,
2438,2924,3812,3896,
2439,2925,3822,3897,
2440,2926,3823,3898,
2441,2927,3824,3899,
2442,2928,3816,3900,
2443,2929,3817,3901,
2444,2930,3818,3902,
2445,2931,3819,3903,
2446,2932,3820,3904,
2447,2933,3821,3905,
2448,2934,3831,3906,
2449,2935,3832,3907,
2450,2936,3833,3908,
2451,2937,3825,3909,
2452,2938,3826,3910,
2453,2939,3827,3911,
2454,2940,3828,3912,
2455,2941,3829,3913,
2456,2942,3830,3914,
2457,2943,3840,3915,
2458,2944,3841,3916,
2459,2945,3842,3917,
2460,2946,3834,3918,
2461,2947,3835,3919,
2462,2948,3836,3920,
2463,2949,3837,3921,
2464,2950,3838,3922,
2465,2951,3839,3923,
2466,2952,3849,3924,
2467,2953,3850,3925,
2468,2954,3851,3926,
2469,2955,3843,3927,
2470,2956,3844,3928,
2471,2957,3845,3929,
2472,2958,3846,3930,
2473,2959,3847,3931,
2474,2960,3848,3932,
2475,2961,3858,3933,
2476,2962,3859,3934,
2477,2963,3860,3935,
2478,2964,3852,3936,
2479,2965,3853,3937,
2480,2966,3854,3938,
2481,2967,3855,3939,
2482,2968,3856,3940,
2483,2969,3857,3941,
2484,2970,3867,3942,
2485,2971,3868,3943,
2486,2972,3869,3944,
2487,2973,3861,3945,
2488,2974,3862,3946,
2489,2975,3863,3947,
2490,2976,3864,3948,
2491,2977,3865,3949,
2492,2978,3866,3950,
2493,2979,3876,3951,
2494,2980,3877,3952,
2495,2981,3878,3953,
2496,2982,3870,3954,
2497,2983,3871,3955,
2498,2984,3872,3956,
2499,2985,3873,3957,
2500,2986,3874,3958,
2501,2987,3875,3959,
2502,2988,3885,3960,
2503,2989,3886,3961,
2504,2990,3887,3962,
2505,2991,3879,3963,
2506,2992,3880,3964,
2507,2993,3881,3965,
2508,2994,3882,3966,
2509,2995,3883,3967,
2510,2996,3884,3968,
2592,3159,3240,4050,
2593,3160,3241,4051,
2594,3161,3242,4052,
2595,3162,3243,4053,
2596,3163,3244,4054,
2597,3164,3245,4055,
2598,3165,3246,4056,
2599,3166,3247,4057,
2600,3167,3248,4058,
2601,3168,3249,4059,
2602,3169,3250,4060,
2603,3170,3251,4061,
2604,3171,3252,4062,
2605,3172,3253,4063,
2606,3173,3254,4064,
2607,3174,3255,4065,
2608,3175,3256,4066,
2609,3176,3257,4067,
2610,3177,3258,4068,
2611,3178,3259,4069,
2612,3179,3260,4070,
2613,3180,3261,4071,
2614,3181,3262,4072,
2615,3182,3263,4073,
2616,3183,3264,4074,
2617,3184,3265,4075,
2618,3185,3266,4076,
2619,3186,3267,4077,
2620,3187,3268,4078,
2621,3188,3269,4079,
2622,3189,3270,4080,
2623,3190,3271,4081,
2624,3191,3272,4082,
2625,3192,3273,4083,
2626,3193,3274,4084,
2627,3194,3275,4085,
2628,3195,3276,4086,
2629,3196,3277,4087,
2630,3197,3278,4088,
2631,3198,3279,4089,
2632,3199,3280,4090,
2633,3200,3281,4091,
2634,3201,3282,4092,
2635,3202,3283,4093,
2636,3203,3284,4094,
2637,3204,3285,4095,
2638,3205,3286,4096,
2639,3206,3287,4097,
2640,3207,3288,4098,
2641,3208,3289,4099,
2642,3209,3290,4100,
2643,3210,3291,4101,
2644,3211,3292,4102,
2645,3212,3293,4103,
2646,3213,3294,4104,
2647,3214,3295,4105,
2648,3215,3296,4106,
2649,3216,3297,4107,
2650,3217,3298,4108,
2651,3218,3299,4109,
2652,3219,3300,4110,
2653,3220,3301,4111,
2654,3221,3302,4112,
2655,3222,3303,4113,
2656,3223,3304,4114,
2657,3224,3305,4115,
2658,3225,3306,4116,
2659,3226,3307,4117,
2660,3227,3308,4118,
2661,3228,3309,4119,
2662,3229,3310,4120,
2663,3230,3311,4121,
2664,3231,3312,4122,
2665,3232,3313,4123,
2666,3233,3314,4124,
2667,3234,3315,4125,
2668,3235,3316,4126,
2669,3236,3317,4127,
2670,3237,3318,4128,
2671,3238,3319,4129,
2672,3239,3320,4130,
2754,3483,3564,4212,
2755,3484,3565,4213,
2756,3485,3566,4214,
2757,3486,3567,4215,
2758,3487,3568,4216,
2759,3488,3569,4217,
2760,3489,3570,4218,
2761,3490,3571,4219,
2762,3491,3572,4220,
2763,3492,3573,4221,
2764,3493,3574,4222,
2765,3494,3575,4223,
2766,3495,3576,4224,
2767,3496,3577,4225,
2768,3497,3578,4226,
2769,3498,3579,4227,
2770,3499,3580,4228,
2771,3500,3581,4229,
2772,3501,3582,4230,
2773,3502,3583,4231,
2774,3503,3584,4232,
2775,3504,3585,4233,
2776,3505,3586,4234,
2777,3506,3587,4235,
2778,3507,3588,4236,
2779,3508,3589,4237,
2780,3509,3590,4238,
2781,3510,3591,4239,
2782,3511,3592,4240,
2783,3512,3593,4241,
2784,3513,3594,4242,
2785,3514,3595,4243,
2786,3515,3596,4244,
2787,3516,3597,4245,
2788,3517,3598,4246,
2789,3518,3599,4247,
2790,3519,3600,4248,
2791,3520,3601,4249,
2792,3521,3602,4250,
2793,3522,3603,4251,
2794,3523,3604,4252,
2795,3524,3605,4253,
2796,3525,3606,4254,
2797,3526,3607,4255,
2798,3527,3608,4256,
2799,3528,3609,4257,
2800,3529,3610,4258,
2801,3530,3611,4259,
2802,3531,3612,4260,
2803,3532,3613,4261,
2804,3533,3614,4262,
2805,3534,3615,4263,
2806,3535,3616,4264,
2807,3536,3617,4265,
2808,3537,3618,4266,
2809,3538,3619,4267,
2810,3539,3620,4268,
2811,3540,3621,4269,
2812,3541,3622,4270,
2813,3542,3623,4271,
2814,3543,3624,4272,
2815,3544,3625,4273,
2816,3545,3626,4274,
2817,3546,3627,4275,
2818,3547,3628,4276,
2819,3548,3629,4277,
2820,3549,3630,4278,
2821,3550,3631,4279,
2822,3551,3632,4280,
2823,3552,3633,4281,
2824,3553,3634,4282,
2825,3554,3635,4283,
2826,3555,3636,4284,
2827,3556,3637,4285,
2828,3557,3638,4286,
2829,3558,3639,4287,
2830,3559,3640,4288,
2831,3560,3641,4289,
2832,3561,3642,4290,
2833,3562,3643,4291,
2834,3563,3644,4292,
5346,5832,6729,6804,
5347,5833,6730,6805,
5348,5834,6731,6806,
5349,5835,6723,6807,
5350,5836,6724,6808,
5351,5837,6725,6809,
5352,5838,6726,6810,
5353,5839,6727,6811,
5354,5840,6728,6812,
5355,5841,6738,6813,
5356,5842,6739,6814,
5357,5843,6740,6815,
5358,5844,6732,6816,
5359,5845,6733,6817,
5360,5846,6734,6818,
5361,5847,6735,6819,
5362,5848,6736,6820,
5363,5849,6737,6821,
5364,5850,6747,6822,
5365,5851,6748,6823,
5366,5852,6749,6824,
5367,5853,6741,6825,
5368,5854,6742,6826,
5369,5855,6743,6827,
5370,5856,6744,6828,
5371,5857,6745,6829,
5372,5858,6746,6830,
5373,5859,6756,6831,
5374,5860,6757,6832,
5375,5861,6758,6833,
5376,5862,6750,6834,
5377,5863,6751,6835,
5378,5864,6752,6836,
5379,5865,6753,6837,
5380,5866,6754,6838,
5381,5867,6755,6839,
5382,5868,6765,6840,
5383,5869,6766,6841,
5384,5870,6767,6842,
5385,5871,6759,6843,
5386,5872,6760,6844,
5387,5873,6761,6845,
5388,5874,6762,6846,
5389,5875,6763,6847,
5390,5876,6764,6848,
5391,5877,6774,6849,
5392,5878,6775,6850,
5393,5879,6776,6851,
5394,5880,6768,6852,
5395,5881,6769,6853,
5396,5882,6770,6854,
5397,5883,6771,6855,
5398,5884,6772,6856,
5399,5885,6773,6857,
5400,5886,6783,6858,
5401,5887,6784,6859,
5402,5888,6785,6860,
5403,5889,6777,6861,
5404,5890,6778,6862,
5405,5891,6779,6863,
5406,5892,6780,6864,
5407,5893,6781,6865,
5408,5894,6782,6866,
5409,5895,6792,6867,
5410,5896,6793,6868,
5411,5897,6794,6869,
5412,5898,6786,6870,
5413,5899,6787,6871,
5414,5900,6788,6872,
5415,5901,6789,6873,
5416,5902,6790,6874,
5417,5903,6791,6875,
5418,5904,6801,6876,
5419,5905,6802,6877,
5420,5906,6803,6878,
5421,5907,6795,6879,
5422,5908,6796,6880,
5423,5909,6797,6881,
5424,5910,6798,6882,
5425,5911,6799,6883,
5426,5912,6800,6884,
5508,6075,6156,6966,
5509,6076,6157,6967,
5510,6077,6158,6968,
5511,6078,6159,6969,
5512,6079,6160,6970,
5513,6080,6161,6971,
5514,6081,6162,6972,
5515,6082,6163,6973,
5516,6083,6164,6974,
5517,6084,6165,6975,
5518,6085,6166,6976,
5519,6086,6167,6977,
5520,6087,6168,6978,
5521,6088,6169,6979,
5522,6089,6170,6980,
5523,6090,6171,6981,
5524,6091,6172,6982,
5525,6092,6173,6983,
5526,6093,6174,6984,
5527,6094,6175,6985,
5528,6095,6176,6986,
5529,6096,6177,6987,
5530,6097,6178,6988,
5531,6098,6179,6989,
5532,6099,6180,6990,
5533,6100,6181,6991,
5534,6101,6182,6992,
5535,6102,6183,6993,
5536,6103,6184,6994,
5537,6104,6185,6995,
5538,6105,6186,6996,
5539,6106,6187,6997,
5540,6107,6188,6998,
5541,6108,6189,6999,
5542,6109,6190,7000,
5543,6110,6191,7001,
5544,6111,6192,7002,
5545,6112,6193,7003,
5546,6113,6194,7004,
5547,6114,6195,7005,
5548,6115,6196,7006,
5549,6116,6197,7007,
5550,6117,6198,7008,
5551,6118,6199,7009,
5552,6119,6200,7010,
5553,6120,6201,7011,
5554,6121,6202,7012,
5555,6122,6203,7013,
5556,6123,6204,7014,
5557,6124,6205,7015,
5558,6125,6206,7016,
5559,6126,6207,7017,
5560,6127,6208,7018,
5561,6128,6209,7019,
5562,6129,6210,7020,
5563,6130,6211,7021,
5564,6131,6212,7022,
5565,6132,6213,7023,
5566,6133,6214,7024,
5567,6134,6215,7025,
5568,6135,6216,7026,
5569,6136,6217,7027,
5570,6137,6218,7028,
5571,6138,6219,7029,
5572,6139,6220,7030,
5573,6140,6221,7031,
5574,6141,6222,7032,
5575,6142,6223,7033,
5576,6143,6224,7034,
5577,6144,6225,7035,
5578,6145,6226,7036,
5579,6146,6227,7037,
5580,6147,6228,7038,
5581,6148,6229,7039,
5582,6149,6230,7040,
5583,6150,6231,7041,
5584,6151,6232,7042,
5585,6152,6233,7043,
5586,6153,6234,7044,
5587,6154,6235,7045,
5588,6155,6236,7046,
5670,6399,6480,7128,
5671,6400,6481,7129,
5672,6401,6482,7130,
5673,6402,6483,7131,
5674,6403,6484,7132,
5675,6404,6485,7133,
5676,6405,6486,7134,
5677,6406,6487,7135,
5678,6407,6488,7136,
5679,6408,6489,7137,
5680,6409,6490,7138,
5681,6410,6491,7139,
5682,6411,6492,7140,
5683,6412,6493,7141,
5684,6413,6494,7142,
5685,6414,6495,7143,
5686,6415,6496,7144,
5687,6416,6497,7145,
5688,6417,6498,7146,
5689,6418,6499,7147,
5690,6419,6500,7148,
5691,6420,6501,7149,
5692,6421,6502,7150,
5693,6422,6503,7151,
5694,6423,6504,7152,
5695,6424,6505,7153,
5696,6425,6506,7154,
5697,6426,6507,7155,
5698,6427,6508,7156,
5699,6428,6509,7157,
5700,6429,6510,7158,
5701,6430,6511,7159,
5702,6431,6512,7160,
5703,6432,6513,7161,
5704,6433,6514,7162,
5705,6434,6515,7163,
5706,6435,6516,7164,
5707,6436,6517,7165,
5708,6437,6518,7166,
5709,6438,6519,7167,
5710,6439,6520,7168,
5711,6440,6521,7169,
5712,6441,6522,7170,
5713,6442,6523,7171,
5714,6443,6524,7172,
5715,6444,6525,7173,
5716,6445,6526,7174,
5717,6446,6527,7175,
5718,6447,6528,7176,
5719,6448,6529,7177,
5720,6449,6530,7178,
5721,6450,6531,7179,
5722,6451,6532,7180,
5723,6452,6533,7181,
5724,6453,6534,7182,
5725,6454,6535,7183,
5726,6455,6536,7184,
5727,6456,6537,7185,
5728,6457,6538,7186,
5729,6458,6539,7187,
5730,6459,6540,7188,
5731,6460,6541,7189,
5732,6461,6542,7190,
5733,6462,6543,7191,
5734,6463,6544,7192,
5735,6464,6545,7193,
5736,6465,6546,7194,
5737,6466,6547,7195,
5738,6467,6548,7196,
5739,6468,6549,7197,
5740,6469,6550,7198,
5741,6470,6551,7199,
5742,6471,6552,7200,
5743,6472,6553,7201,
5744,6473,6554,7202,
5745,6474,6555,7203,
5746,6475,6556,7204,
5747,6476,6557,7205,
5748,6477,6558,7206,
5749,6478,6559,7207,
5750,6479,6560,7208,
