1,2,2,1,1.3907136217e+12
1,2,10,1,1.3907136217e+12
1,2,11,1,1.3907136217e+12
1,2,91,1,1.3907136217e+12
2,2,1,1,1.3907136217e+12
2,2,3,1,1.3907136217e+12
2,2,12,1,1.3907136217e+12
2,2,92,1,1.3907136217e+12
3,2,2,1,1.3907136217e+12
3,2,4,1,1.3907136217e+12
3,2,13,1,1.3907136217e+12
3,2,93,1,1.3907136217e+12
4,2,3,1,1.3907136217e+12
4,2,5,1,1.3907136217e+12
4,2,14,1,1.3907136217e+12
4,2,94,1,1.3907136217e+12
5,2,4,1,1.3907136217e+12
5,2,6,1,1.3907136217e+12
5,2,15,1,1.3907136217e+12
5,2,95,1,1.3907136217e+12
6,2,5,1,1.3907136217e+12
6,2,7,1,1.3907136217e+12
6,2,16,1,1.3907136217e+12
6,2,96,1,1.3907136217e+12
7,2,6,1,1.3907136217e+12
7,2,8,1,1.3907136217e+12
7,2,17,1,1.3907136217e+12
7,2,97,1,1.3907136217e+12
8,2,7,1,1.3907136217e+12
8,2,9,1,1.3907136217e+12
8,2,18,1,1.3907136217e+12
8,2,98,1,1.3907136217e+12
9,2,8,1,1.3907136217e+12
9,2,10,1,1.3907136217e+12
9,2,19,1,1.3907136217e+12
9,2,99,1,1.3907136217e+12
10,2,1,1,1.3907136217e+12
10,2,9,1,1.3907136217e+12
10,2,20,1,1.3907136217e+12
10,2,100,1,1.3907136217e+12
11,2,1,1,1.3907136217e+12
11,2,12,1,1.3907136217e+12
11,2,20,1,1.3907136217e+12
11,2,21,1,1.3907136217e+12
12,2,2,1,1.3907136217e+12
12,2,11,1,1.3907136217e+12
12,2,13,1,1.3907136217e+12
12,2,22,1,1.3907136217e+12
13,2,3,1,1.3907136217e+12
13,2,12,1,1.3907136217e+12
13,2,14,1,1.3907136217e+12
13,2,23,1,1.3907136217e+12
14,2,4,1,1.3907136217e+12
14,2,13,1,1.3907136217e+12
14,2,15,1,1.3907136217e+12
14,2,24,1,1.3907136217e+12
15,2,5,1,1.3907136217e+12
15,2,14,1,1.3907136217e+12
15,2,16,1,1.3907136217e+12
15,2,25,1,1.3907136217e+12
16,2,6,1,1.3907136217e+12
16,2,15,1,1.3907136217e+12
16,2,17,1,1.3907136217e+12
16,2,26,1,1.3907136217e+12
17,2,7,1,1.3907136217e+12
17,2,16,1,1.3907136217e+12
17,2,18,1,1.3907136217e+12
17,2,27,1,1.3907136217e+12
18,2,8,1,1.3907136217e+12
18,2,17,1,1.3907136217e+12
18,2,19,1,1.3907136217e+12
18,2,28,1,1.3907136217e+12
19,2,9,1,1.3907136217e+12
19,2,18,1,1.3907136217e+12
19,2,20,1,1.3907136217e+12
19,2,29,1,1.3907136217e+12
20,2,10,1,1.3907136217e+12
20,2,11,1,1.3907136217e+12
20,2,19,1,1.3907136217e+12
20,2,30,1,1.3907136217e+12
21,2,11,1,1.3907136217e+12
21,2,22,1,1.3907136217e+12
21,2,30,1,1.3907136217e+12
21,2,31,1,1.3907136217e+12
22,2,12,1,1.3907136217e+12
22,2,21,1,1.3907136217e+12
22,2,23,1,1.3907136217e+12
22,2,32,1,1.3907136217e+12
23,2,13,1,1.3907136217e+12
23,2,22,1,1.3907136217e+12
23,2,24,1,1.3907136217e+12
23,2,33,1,1.3907136217e+12
24,2,14,1,1.3907136217e+12
24,2,23,1,1.3907136217e+12
24,2,25,1,1.3907136217e+12
24,2,34,1,1.3907136217e+12
25,2,15,1,1.3907136217e+12
25,2,24,1,1.3907136217e+12
25,2,26,1,1.3907136217e+12
25,2,35,1,1.3907136217e+12
26,2,16,1,1.3907136217e+12
26,2,25,1,1.3907136217e+12
26,2,27,1,1.3907136217e+12
26,2,36,1,1.3907136217e+12
27,2,17,1,1.3907136217e+12
27,2,26,1,1.3907136217e+12
27,2,28,1,1.3907136217e+12
27,2,37,1,1.3907136217e+12
28,2,18,1,1.3907136217e+12
28,2,27,1,1.3907136217e+12
28,2,29,1,1.3907136217e+12
28,2,38,1,1.3907136217e+12
29,2,19,1,1.3907136217e+12
29,2,28,1,1.3907136217e+12
29,2,30,1,1.3907136217e+12
29,2,39,1,1.3907136217e+12
30,2,20,1,1.3907136217e+12
30,2,21,1,1.3907136217e+12
30,2,29,1,1.3907136217e+12
30,2,40,1,1.3907136217e+12
31,2,21,1,1.3907136217e+12
31,2,32,1,1.3907136217e+12
31,2,40,1,1.3907136217e+12
31,2,41,1,1.3907136217e+12
32,2,22,1,1.3907136217e+12
32,2,31,1,1.3907136217e+12
32,2,33,1,1.3907136217e+12
32,2,42,1,1.3907136217e+12
33,2,23,1,1.3907136217e+12
33,2,32,1,1.3907136217e+12
33,2,34,1,1.3907136217e+12
33,2,43,1,1.3907136217e+12
34,2,24,1,1.3907136217e+12
34,2,33,1,1.3907136217e+12
34,2,35,1,1.3907136217e+12
34,2,44,1,1.3907136217e+12
35,2,25,1,1.3907136217e+12
35,2,34,1,1.3907136217e+12
35,2,36,1,1.3907136217e+12
35,2,45,1,1.3907136217e+12
36,2,26,1,1.3907136217e+12
36,2,35,1,1.3907136217e+12
36,2,37,1,1.3907136217e+12
36,2,46,1,1.3907136217e+12
37,2,27,1,1.3907136217e+12
37,2,36,1,1.3907136217e+12
37,2,38,1,1.3907136217e+12
37,2,47,1,1.3907136217e+12
38,2,28,1,1.3907136217e+12
38,2,37,1,1.3907136217e+12
38,2,39,1,1.3907136217e+12
38,2,48,1,1.3907136217e+12
39,2,29,1,1.3907136217e+12
39,2,38,1,1.3907136217e+12
39,2,40,1,1.3907136217e+12
39,2,49,1,1.3907136217e+12
40,2,30,1,1.3907136217e+12
40,2,31,1,1.3907136217e+12
40,2,39,1,1.3907136217e+12
40,2,50,1,1.3907136217e+12
41,2,31,1,1.3907136217e+12
41,2,42,1,1.3907136217e+12
41,2,50,1,1.3907136217e+12
41,2,51,1,1.3907136217e+12
42,2,32,1,1.3907136217e+12
42,2,41,1,1.3907136217e+12
42,2,43,1,1.3907136217e+12
42,2,52,1,1.3907136217e+12
43,2,33,1,1.3907136217e+12
43,2,42,1,1.3907136217e+12
43,2,44,1,1.3907136217e+12
43,2,53,1,1.3907136217e+12
44,2,34,1,1.3907136217e+12
44,2,43,1,1.3907136217e+12
44,2,45,1,1.3907136217e+12
44,2,54,1,1.3907136217e+12
45,2,35,1,1.3907136217e+12
45,2,44,1,1.3907136217e+12
45,2,46,1,1.3907136217e+12
45,2,55,1,1.3907136217e+12
46,2,36,1,1.3907136217e+12
46,2,45,1,1.3907136217e+12
46,2,47,1,1.3907136217e+12
46,2,56,1,1.3907136217e+12
47,2,37,1,1.3907136217e+12
47,2,46,1,1.3907136217e+12
47,2,48,1,1.3907136217e+12
47,2,57,1,1.3907136217e+12
48,2,38,1,1.3907136217e+12
48,2,47,1,1.3907136217e+12
48,2,49,1,1.3907136217e+12
48,2,58,1,1.3907136217e+12
49,2,39,1,1.3907136217e+12
49,2,48,1,1.3907136217e+12
49,2,50,1,1.3907136217e+12
49,2,59,1,1.3907136217e+12
50,2,40,1,1.3907136217e+12
50,2,41,1,1.3907136217e+12
50,2,49,1,1.3907136217e+12
50,2,60,1,1.3907136217e+12
51,2,41,1,1.3907136217e+12
51,2,52,1,1.3907136217e+12
51,2,60,1,1.3907136217e+12
51,2,61,1,1.3907136217e+12
52,2,42,1,1.3907136217e+12
52,2,51,1,1.3907136217e+12
52,2,53,1,1.3907136217e+12
52,2,62,1,1.3907136217e+12
53,2,43,1,1.3907136217e+12
53,2,52,1,1.3907136217e+12
53,2,54,1,1.3907136217e+12
53,2,63,1,1.3907136217e+12
54,2,44,1,1.3907136217e+12
54,2,53,1,1.3907136217e+12
54,2,55,1,1.3907136217e+12
54,2,64,1,1.3907136217e+12
55,2,45,1,1.3907136217e+12
55,2,54,1,1.3907136217e+12
55,2,56,1,1.3907136217e+12
55,2,65,1,1.3907136217e+12
56,2,46,1,1.3907136217e+12
56,2,55,1,1.3907136217e+12
56,2,57,1,1.3907136217e+12
56,2,66,1,1.3907136217e+12
57,2,47,1,1.3907136217e+12
57,2,56,1,1.3907136217e+12
57,2,58,1,1.3907136217e+12
57,2,67,1,1.3907136217e+12
58,2,48,1,1.3907136217e+12
58,2,57,1,1.3907136217e+12
58,2,59,1,1.3907136217e+12
58,2,68,1,1.3907136217e+12
59,2,49,1,1.3907136217e+12
59,2,58,1,1.3907136217e+12
59,2,60,1,1.3907136217e+12
59,2,69,1,1.3907136217e+12
60,2,50,1,1.3907136217e+12
60,2,51,1,1.3907136217e+12
60,2,59,1,1.3907136217e+12
60,2,70,1,1.3907136217e+12
61,2,51,1,1.3907136217e+12
61,2,62,1,1.3907136217e+12
61,2,70,1,1.3907136217e+12
61,2,71,1,1.3907136217e+12
62,2,52,1,1.3907136217e+12
62,2,61,1,1.3907136217e+12
62,2,63,1,1.3907136217e+12
62,2,72,1,1.3907136217e+12
63,2,53,1,1.3907136217e+12
63,2,62,1,1.3907136217e+12
63,2,64,1,1.3907136217e+12
63,2,73,1,1.3907136217e+12
64,2,54,1,1.3907136217e+12
64,2,63,1,1.3907136217e+12
64,2,65,1,1.3907136217e+12
64,2,74,1,1.3907136217e+12
65,2,55,1,1.3907136217e+12
65,2,64,1,1.3907136217e+12
65,2,66,1,1.3907136217e+12
65,2,75,1,1.3907136217e+12
66,2,56,1,1.3907136217e+12
66,2,65,1,1.3907136217e+12
66,2,67,1,1.3907136217e+12
66,2,76,1,1.3907136217e+12
67,2,57,1,1.3907136217e+12
67,2,66,1,1.3907136217e+12
67,2,68,1,1.3907136217e+12
67,2,77,1,1.3907136217e+12
68,2,58,1,1.3907136217e+12
68,2,67,1,1.3907136217e+12
68,2,69,1,1.3907136217e+12
68,2,78,1,1.3907136217e+12
69,2,59,1,1.3907136217e+12
69,2,68,1,1.3907136217e+12
69,2,70,1,1.3907136217e+12
69,2,79,1,1.3907136217e+12
70,2,60,1,1.3907136217e+12
70,2,61,1,1.3907136217e+12
70,2,69,1,1.3907136217e+12
70,2,80,1,1.3907136217e+12
71,2,61,1,1.3907136217e+12
71,2,72,1,1.3907136217e+12
71,2,80,1,1.3907136217e+12
71,2,81,1,1.3907136217e+12
72,2,62,1,1.3907136217e+12
72,2,71,1,1.3907136217e+12
72,2,73,1,1.3907136217e+12
72,2,82,1,1.3907136217e+12
73,2,63,1,1.3907136217e+12
73,2,72,1,1.3907136217e+12
73,2,74,1,1.3907136217e+12
73,2,83,1,1.3907136217e+12
74,2,64,1,1.3907136217e+12
74,2,73,1,1.3907136217e+12
74,2,75,1,1.3907136217e+12
74,2,84,1,1.3907136217e+12
75,2,65,1,1.3907136217e+12
75,2,74,1,1.3907136217e+12
75,2,76,1,1.3907136217e+12
75,2,85,1,1.3907136217e+12
76,2,66,1,1.3907136217e+12
76,2,75,1,1.3907136217e+12
76,2,77,1,1.3907136217e+12
76,2,86,1,1.3907136217e+12
77,2,67,1,1.3907136217e+12
77,2,76,1,1.3907136217e+12
77,2,78,1,1.3907136217e+12
77,2,87,1,1.3907136217e+12
78,2,68,1,1.3907136217e+12
78,2,77,1,1.3907136217e+12
78,2,79,1,1.3907136217e+12
78,2,88,1,1.3907136217e+12
79,2,69,1,1.3907136217e+12
79,2,78,1,1.3907136217e+12
79,2,80,1,1.3907136217e+12
79,2,89,1,1.3907136217e+12
80,2,70,1,1.3907136217e+12
80,2,71,1,1.3907136217e+12
80,2,79,1,1.3907136217e+12
80,2,90,1,1.3907136217e+12
81,2,71,1,1.3907136217e+12
81,2,82,1,1.3907136217e+12
81,2,90,1,1.3907136217e+12
81,2,91,1,1.3907136217e+12
82,2,72,1,1.3907136217e+12
82,2,81,1,1.3907136217e+12
82,2,83,1,1.3907136217e+12
82,2,92,1,1.3907136217e+12
83,2,73,1,1.3907136217e+12
83,2,82,1,1.3907136217e+12
83,2,84,1,1.3907136217e+12
83,2,93,1,1.3907136217e+12
84,2,74,1,1.3907136217e+12
84,2,83,1,1.3907136217e+12
84,2,85,1,1.3907136217e+12
84,2,94,1,1.3907136217e+12
85,2,75,1,1.3907136217e+12
85,2,84,1,1.3907136217e+12
85,2,86,1,1.3907136217e+12
85,2,95,1,1.3907136217e+12
86,2,76,1,1.3907136217e+12
86,2,85,1,1.3907136217e+12
86,2,87,1,1.3907136217e+12
86,2,96,1,1.3907136217e+12
87,2,77,1,1.3907136217e+12
87,2,86,1,1.3907136217e+12
87,2,88,1,1.3907136217e+12
87,2,97,1,1.3907136217e+12
88,2,78,1,1.3907136217e+12
88,2,87,1,1.3907136217e+12
88,2,89,1,1.3907136217e+12
88,2,98,1,1.3907136217e+12
89,2,79,1,1.3907136217e+12
89,2,88,1,1.3907136217e+12
89,2,90,1,1.3907136217e+12
89,2,99,1,1.3907136217e+12
90,2,80,1,1.3907136217e+12
90,2,81,1,1.3907136217e+12
90,2,89,1,1.3907136217e+12
90,2,100,1,1.3907136217e+12
91,2,1,1,1.3907136217e+12
91,2,81,1,1.3907136217e+12
91,2,92,1,1.3907136217e+12
91,2,100,1,1.3907136217e+12
92,2,2,1,1.3907136217e+12
92,2,82,1,1.3907136217e+12
92,2,91,1,1.3907136217e+12
92,2,93,1,1.3907136217e+12
93,2,3,1,1.3907136217e+12
93,2,83,1,1.3907136217e+12
93,2,92,1,1.3907136217e+12
93,2,94,1,1.3907136217e+12
94,2,4,1,1.3907136217e+12
94,2,84,1,1.3907136217e+12
94,2,93,1,1.3907136217e+12
94,2,95,1,1.3907136217e+12
95,2,5,1,1.3907136217e+12
95,2,85,1,1.3907136217e+12
95,2,94,1,1.3907136217e+12
95,2,96,1,1.3907136217e+12
96,2,6,1,1.3907136217e+12
96,2,86,1,1.3907136217e+12
96,2,95,1,1.3907136217e+12
96,2,97,1,1.3907136217e+12
97,2,7,1,1.3907136217e+12
97,2,87,1,1.3907136217e+12
97,2,96,1,1.3907136217e+12
97,2,98,1,1.3907136217e+12
98,2,8,1,1.3907136217e+12
98,2,88,1,1.3907136217e+12
98,2,97,1,1.3907136217e+12
98,2,99,1,1.3907136217e+12
99,2,9,1,1.3907136217e+12
99,2,89,1,1.3907136217e+12
99,2,98,1,1.3907136217e+12
99,2,100,1,1.3907136217e+12
100,2,10,1,1.3907136217e+12
100,2,90,1,1.3907136217e+12
100,2,91,1,1.3907136217e+12
100,2,99,1,1.3907136217e+12
