1,2,2,1,197265.90122458813
1,2,8,1,7673.86055507787
1,2,9,1,100831.64131281033
1,2,57,1,2259458.3778243223
2,2,1,1,42208458307.93469
2,2,3,1,34540556134.99552
2,2,10,1,2276750.6914740587
2,2,58,1,311808141.0157764
3,2,2,1,241058.35282076465
3,2,4,1,8224.784702582227
3,2,11,1,2826111.7850606763
3,2,59,1,97155918.7195691
4,2,3,1,1012341340047.6105
4,2,5,1,678039473.1315198
4,2,12,1,730687185320.1469
4,2,60,1,4197769917.26971
5,2,4,1,12279948.140718527
5,2,6,1,5864890186.79144
5,2,13,1,5548747506.281071
5,2,61,1,877859944.2275187
6,2,5,1,1419683.796666332
6,2,7,1,6969961.043243664
6,2,14,1,255706.2675566602
6,2,62,1,617093.4747857497
7,2,6,1,1194596284.7936246
7,2,8,1,2851788.6495650224
7,2,15,1,16554085.825224217
7,2,63,1,5105930520.983623
8,2,1,1,1085019659616.5144
8,2,7,1,2919672735.455052
8,2,16,1,1620132417.9598522
8,2,64,1,48092861.116555884
9,2,1,1,82576158227.79771
9,2,10,1,4454209.721966242
9,2,16,1,123301278.19317262
9,2,17,1,25060017.851204008
10,2,2,1,3657093241.9589634
10,2,9,1,1869307932.7525804
10,2,11,1,42874906383.5622
10,2,18,1,109923398957.14673
11,2,3,1,2946199655.4522038
11,2,10,1,194199.59761375474
11,2,12,1,2126506395.0982301
11,2,19,1,43777238.62679707
12,2,4,1,11395.149298761928
12,2,11,1,3915478.263600782
12,2,13,1,5148947.335172203
12,2,20,1,250915.53398722367
13,2,5,1,1500570.9951642184
13,2,12,1,1617085789.6600935
13,2,14,1,270275.26078569994
13,2,21,1,3383006.350409339
14,2,6,1,32561929932.242317
14,2,13,1,30806702556.53568
14,2,15,1,451226066.5756203
14,2,22,1,7587919485.736428
15,2,7,1,502974894.25408375
15,2,14,1,18452589.919292234
15,2,16,1,279101805.38572085
15,2,23,1,9649734.88778201
16,2,8,1,5139264.837314996
16,2,9,1,67528006.92277184
16,2,15,1,29832446.10656744
16,2,24,1,3252052.1478089765
17,2,9,1,332253936.0048842
17,2,18,1,19537969813.655766
17,2,24,1,16000873.94017694
17,2,25,1,309497364.1837753
18,2,10,1,75746.28920145704
18,2,17,1,426159.403808458
18,2,19,1,17075027.024833117
18,2,26,1,1160961375.771241
19,2,11,1,190196774.1363764
19,2,18,1,487629656.76750183
19,2,20,1,12188376.98288961
19,2,27,1,70151.7281929109
20,2,12,1,33183635285.96494
20,2,19,1,683133577.1041428
20,2,21,1,69421455.32407624
20,2,28,1,14047285.102664685
21,2,13,1,2461210150.080773
21,2,20,1,119938274.53697158
21,2,22,1,606214326.9639916
21,2,29,1,44775001.113950424
22,2,14,1,1097308.634213467
22,2,21,1,13734894.074698681
22,2,23,1,573834.7547171991
22,2,30,1,41116242.96371718
23,2,15,1,862851639.370684
23,2,22,1,14509908120.707338
23,2,24,1,94059954.62229952
23,2,31,1,332651304.75002044
24,2,16,1,2560318589.30211
24,2,17,1,520364674.98869026
24,2,23,1,88521088.49987897
24,2,32,1,34192242661.36418
25,2,17,1,26902618.668090254
25,2,26,1,73289245530.27838
25,2,32,1,1767723502.264027
25,2,33,1,63733892073.618004
26,2,18,1,7171891.969174199
26,2,25,1,113608.61347624724
26,2,27,1,1031.7678776668704
26,2,34,1,1114532.3469729675
27,2,19,1,118689728420.0701
27,2,26,1,8069925171777.361
27,2,28,1,2440618511.158895
27,2,35,1,232065879963.64105
28,2,20,1,592733009.016506
28,2,27,1,3411548.9697984527
28,2,29,1,221277329.87194443
28,2,36,1,24280524.87801765
29,2,21,1,185958444.67373955
29,2,28,1,37628299.16753653
29,2,30,1,556677943.8397806
29,2,37,1,47971317668.57209
30,2,22,1,202506089.25437737
30,2,29,1,14957103.401624251
30,2,31,1,4642614.842898732
30,2,38,1,1132260.2645450283
31,2,23,1,25030082.3971581
31,2,30,1,1793448271.9691792
31,2,32,1,9668144231.628393
31,2,39,1,14021878.258508032
32,2,24,1,243513.99379905412
32,2,25,1,4710176.4256407805
32,2,31,1,861208.663000347
32,2,40,1,38529708.8900249
33,2,25,1,130641.4734219841
33,2,34,1,1281629.4779924673
33,2,40,1,1068660.1700334817
33,2,41,1,5271443.261004547
34,2,26,1,7470657617.097515
34,2,33,1,6496643304.785255
34,2,35,1,214832814.04912665
34,2,42,1,2564147.031171202
35,2,27,1,35878.990779341184
35,2,34,1,38757066.06678425
35,2,36,1,255356.36038881904
35,2,43,1,6370479.174809656
36,2,28,1,342920493.2449129
36,2,35,1,32606548568.976852
36,2,37,1,437180214903.4563
36,2,44,1,105879450326.5851
37,2,29,1,173568.0813468685
37,2,36,1,19045.440034961066
37,2,38,1,13139.191220743736
37,2,45,1,4896623.711339968
38,2,30,1,7353688748.196861
38,2,37,1,633698789181.9319
38,2,39,1,57494007.48813386
38,2,46,1,687268632145.9535
39,2,31,1,593807007.4430337
39,2,38,1,144820128.76096055
39,2,40,1,26566396875.210907
39,2,47,1,9530240934.005533
40,2,32,1,216100505.48735952
40,2,33,1,7791335169.864431
40,2,39,1,313414.33339740627
40,2,48,1,14106746.91115452
41,2,33,1,1579508524.5456047
41,2,42,1,623413.030994026
41,2,48,1,2859808.558353115
41,2,49,1,2038267.734570112
42,2,34,1,3247196617.8991184
42,2,41,1,13355976140.15061
42,2,43,1,533740051.30298597
42,2,50,1,57824545.73591817
43,2,35,1,1307011503.9916089
43,2,42,1,15599896.517206702
43,2,44,1,4244106343.2521763
43,2,51,1,99967432.91305503
44,2,36,1,78639.33503368932
44,2,43,1,1961847.5349123545
44,2,45,1,20218342.65121279
44,2,52,1,252135723.51284745
45,2,37,1,1700414419.8649664
45,2,44,1,411818600.1222868
45,2,46,1,1844159263.6313846
45,2,53,1,6761393.655512195
46,2,38,1,12115.043780503795
46,2,45,1,4514951.464126621
46,2,47,1,797259.9330083664
46,2,54,1,6783257.23874117
47,2,39,1,873670.4166319183
47,2,46,1,10443632274.353624
47,2,48,1,39323815.594489165
47,2,55,1,296562084.2574351
48,2,40,1,590234560.7995132
48,2,41,1,2911484946.4644036
48,2,47,1,211736563.23884314
48,2,56,1,84426624.69584885
49,2,41,1,4084983256.221376
49,2,50,1,17685888.223454792
49,2,56,1,118455480.48621689
49,2,57,1,2435356266.912896
50,2,42,1,143992303.98524752
50,2,49,1,470787187.0621098
50,2,51,1,922733107.412877
50,2,58,1,3748614256.0125027
51,2,43,1,83290020.80764468
51,2,50,1,9023507.990040714
51,2,52,1,10704394344.626684
51,2,59,1,43722580689.234795
52,2,44,1,33023045.887390547
52,2,51,1,777838.4558108838
52,2,53,1,542184.8670322062
52,2,60,1,1451501.8524227
53,2,45,1,1231445762.7573853
53,2,52,1,15356919887.844461
53,2,54,1,1850122520.85351
53,2,61,1,379604876.2528675
54,2,46,1,1227476605.171524
54,2,53,1,4500399.013344284
54,2,55,1,34855978.34585173
54,2,62,1,845895.8587895094
55,2,47,1,28076042.115307696
55,2,54,1,238876943.42701197
55,2,56,1,11194880.252873989
55,2,63,1,1399567725.972636
56,2,48,1,98621608.97005022
56,2,49,1,70290454.55084704
56,2,55,1,743758698.5602314
56,2,64,1,3358130.093253682
57,2,1,1,3685082075.038142
57,2,49,1,3418920.5417447006
57,2,58,1,27222946.238057602
57,2,64,1,163339.10530299257
58,2,2,1,26703246.23433713
58,2,50,1,2221164.675469189
58,2,57,1,305855563.7073201
58,2,59,1,10762449798.28974
59,2,3,1,85700281.33281498
59,2,51,1,190434.54060032713
59,2,58,1,773642.5928544926
59,2,60,1,355364.39010138996
60,2,4,1,1983503.0817579243
60,2,52,1,5736327207.242474
60,2,59,1,23430286768.57465
60,2,61,1,141795216.45970368
61,2,5,1,9484758.499537162
61,2,53,1,21934095.393097
61,2,60,1,58720525.10164482
61,2,62,1,4122736.762740334
62,2,6,1,13492752569.302423
62,2,54,1,9843161520.296637
62,2,61,1,2019602522.9320707
62,2,63,1,57670577108.46909
63,2,7,1,1630709.531435452
63,2,55,1,5949186.604477322
63,2,62,1,144376.7339410315
63,2,64,1,26861.05400252889
64,2,8,1,173129428.65336934
64,2,56,1,2479442230.109637
64,2,57,1,50975481664.173294
64,2,63,1,309976278914.1218
